t_ms,target_um,current_um,error_um
0.0,99.5,99.4878,-0.0121
0.039999984,99.5,99.4878,-0.012
0.079999968,99.5,99.4879,-0.012
0.119999952,99.5,99.4878,-0.012
0.159999936,99.5,99.4879,-0.012
0.19999992,99.5,99.4879,-0.012
0.239999904,99.5,99.4879,-0.012
0.279999888,99.5,99.4879,-0.012
0.319999872,99.5,99.4878,-0.012
0.359999856,99.5,99.4879,-0.012
0.39999984,99.5,99.4879,-0.012
0.43999982400000004,99.5,99.4879,-0.012
0.479999808,99.5,99.4879,-0.012
0.519999792,99.5,99.4878,-0.0121
0.559999776,99.5,99.4879,-0.012
0.59999976,99.5,99.4879,-0.012
0.639999744,99.5,99.4879,-0.012
0.679999728,99.5,99.4879,-0.012
0.719999712,99.5,99.4878,-0.0121
0.759999696,99.5,99.4879,-0.012
0.79999968,99.5,99.4878,-0.012
0.8399996639999999,99.5,99.4878,-0.0121
0.8799996480000001,99.5,99.4878,-0.0121
0.919999632,99.5,99.4878,-0.012
0.959999616,99.5,99.4879,-0.012
0.9999995999999999,99.5,99.4879,-0.012
1.039999584,99.5,99.4879,-0.012
1.079999568,99.5,99.4879,-0.012
1.119999552,99.5,99.4879,-0.0119
1.159999536,99.5,99.488,-0.0119
1.19999952,99.5,99.488,-0.0119
1.239999504,99.5,99.488,-0.0119
1.279999488,99.5,99.4881,-0.0118
1.319999472,99.5,99.4881,-0.0118
1.359999456,99.5,99.4881,-0.0118
1.39999944,99.5,99.4881,-0.0118
1.439999424,99.5,99.4882,-0.0117
1.4799994079999998,99.5,99.4882,-0.0117
1.519999392,99.5,99.4882,-0.0117
1.5599993760000002,99.5,99.4882,-0.0116
1.59999936,99.5,99.4882,-0.0116
1.639999344,99.5,99.4883,-0.0116
1.6799993279999998,99.5,99.4883,-0.0116
1.719999312,99.5,99.4884,-0.0115
1.7599992960000002,99.5,99.4884,-0.0115
1.79999928,99.5,99.4884,-0.0115
1.839999264,99.5,99.4885,-0.0114
1.8799992479999998,99.5,99.4885,-0.0114
1.919999232,99.5,99.4886,-0.0113
1.959999216,99.5,99.4887,-0.0112
1.9999991999999998,99.5,99.4887,-0.0112
2.039999184,99.5,99.4887,-0.0112
2.079999168,99.5,99.4887,-0.0111
2.1199991519999997,99.5,99.4888,-0.0111
2.159999136,99.5,99.4888,-0.0111
2.19999912,99.5,99.4889,-0.011
2.239999104,99.5,99.4889,-0.011
2.2799990880000003,99.5,99.4889,-0.011
2.319999072,99.5,99.4889,-0.011
2.359999056,99.5,99.489,-0.0109
2.39999904,99.5,99.4891,-0.0108
2.439999024,99.5,99.4891,-0.0108
2.479999008,99.5,99.4891,-0.0107
2.5199989919999997,99.5,99.4892,-0.0107
2.559998976,99.5,99.4892,-0.0107
2.59999896,99.5,99.4892,-0.0107
2.639998944,99.5,99.4892,-0.0107
2.679998928,99.5,99.4893,-0.0106
2.719998912,99.5,99.4892,-0.0106
2.759998896,99.5,99.4893,-0.0106
2.79999888,99.5,99.4893,-0.0106
2.839998864,99.5,99.4893,-0.0106
2.879998848,99.5,99.4894,-0.0105
2.9199988319999997,99.5,99.4894,-0.0105
2.9599988159999997,99.5,99.4895,-0.0104
2.9999988,99.5,99.4895,-0.0104
3.039998784,99.5,99.4895,-0.0104
3.079998768,99.5,99.4895,-0.0103
3.1199987520000003,99.5,99.4896,-0.0103
3.159998736,99.5,99.4896,-0.0103
3.19999872,99.5,99.4896,-0.0103
3.239998704,99.5,99.4896,-0.0102
3.279998688,99.5,99.4896,-0.0103
3.319998672,99.5,99.4896,-0.0103
3.3599986559999997,99.5,99.4896,-0.0103
3.39999864,99.5,99.4896,-0.0103
3.439998624,99.5,99.4897,-0.0102
3.479998608,99.5,99.4897,-0.0102
3.5199985920000003,99.5,99.4897,-0.0102
3.559998576,99.5,99.4898,-0.0101
3.59999856,99.5,99.4898,-0.0101
3.6399985439999996,99.5,99.4898,-0.0101
3.679998528,99.5,99.4898,-0.0101
3.719998512,99.5,99.4899,-0.01
3.7599984959999997,99.5,99.4899,-0.01
3.79999848,99.5,99.49,-0.0099
3.839998464,99.5,99.49,-0.0099
3.879998448,99.5,99.49,-0.0099
3.919998432,99.5,99.4901,-0.0098
3.9599984160000004,99.5,99.49,-0.0099
3.9999983999999995,99.5,99.4901,-0.0098
4.0399983839999996,99.5,99.4901,-0.0098
4.079998368,99.5,99.4901,-0.0098
4.119998352,99.5,99.4902,-0.0097
4.159998336,99.5,99.4901,-0.0097
4.19999832,99.5,99.4901,-0.0097
4.239998303999999,99.5,99.4902,-0.0097
4.279998288,99.5,99.4902,-0.0097
4.319998272,99.5,99.4902,-0.0097
4.359998256,99.5,99.4902,-0.0097
4.39999824,99.5,99.4902,-0.0097
4.439998224,99.5,99.4901,-0.0098
4.479998208,99.5,99.4901,-0.0098
4.519998192,99.5,99.4901,-0.0098
4.559998176000001,99.5,99.49,-0.0099
4.59999816,99.5,99.49,-0.0099
4.639998144,99.5,99.49,-0.0099
4.679998127999999,99.5,99.49,-0.0099
4.719998112,99.5,99.49,-0.0098
4.759998096,99.5,99.49,-0.0098
4.79999808,99.5,99.49,-0.0098
4.8399980639999995,99.5,99.49,-0.0098
4.879998048,99.5,99.49,-0.0099
4.919998032,99.5,99.49,-0.0098
4.959998016,99.5,99.49,-0.0099
4.999998000000001,99.5,99.49,-0.0099
5.039997983999999,99.5,99.4901,-0.0098
5.079997968,99.5,99.49,-0.0099
5.119997952,99.5,99.49,-0.0099
5.159997936,99.5,99.49,-0.0099
5.19999792,99.5,99.49,-0.0099
5.239997904,99.5,99.49,-0.0099
5.279997888,99.5,99.49,-0.0099
5.319997872,99.5,99.49,-0.0099
5.359997856,99.5,99.4899,-0.01
5.39999784,99.5,99.49,-0.0099
5.439997824,99.5,99.49,-0.0099
5.479997807999999,99.5,99.49,-0.0099
5.519997792,99.5,99.49,-0.0099
5.559997776,99.5,99.49,-0.0099
5.59999776,99.5,99.4899,-0.01
5.6399977439999995,99.5,99.49,-0.0099
5.679997728,99.5,99.4899,-0.01
5.719997712,99.5,99.49,-0.0099
5.759997696,99.5,99.49,-0.0099
5.799997680000001,99.5,99.49,-0.0099
5.839997663999999,99.5,99.49,-0.0099
5.879997648,99.5,99.49,-0.0099
5.919997631999999,99.5,99.49,-0.0099
5.959997616,99.5,99.49,-0.0099
5.9999976,99.5,99.49,-0.0099
6.039997584,99.5,99.49,-0.0099
6.079997568,99.5,99.4901,-0.0098
6.119997552,99.5,99.4901,-0.0098
6.159997536,99.5,99.4901,-0.0098
6.19999752,99.5,99.49,-0.0099
6.239997504000001,99.5,99.49,-0.0099
6.279997487999999,99.5,99.49,-0.0098
6.319997472,99.5,99.49,-0.0099
6.359997456,99.5,99.49,-0.0098
6.39999744,99.5,99.49,-0.0098
6.439997424,99.5,99.49,-0.0098
6.479997408,99.5,99.49,-0.0099
6.519997392,99.5,99.49,-0.0098
6.559997376,99.5,99.49,-0.0099
6.59999736,99.5,99.49,-0.0099
6.639997344,99.5,99.49,-0.0099
6.679997328,99.5,99.49,-0.0099
6.719997311999999,99.5,99.49,-0.0099
6.759997296,99.5,99.49,-0.0099
6.79999728,99.5,99.49,-0.0099
6.839997264,99.5,99.49,-0.0099
6.879997248,99.5,99.4899,-0.01
6.919997232,99.5,99.4899,-0.01
6.959997216,99.5,99.4899,-0.01
6.9999972,99.5,99.4899,-0.01
7.039997184000001,99.5,99.4899,-0.01
7.079997167999999,99.5,99.4899,-0.01
7.119997152,99.5,99.4898,-0.01
7.159997135999999,99.5,99.4899,-0.01
7.19999712,99.5,99.4898,-0.01
7.239997104,99.5,99.4899,-0.01
7.279997087999999,99.5,99.4898,-0.01
7.319997072,99.5,99.4898,-0.0101
7.359997056,99.5,99.4898,-0.0101
7.39999704,99.5,99.4898,-0.01
7.439997024,99.5,99.4898,-0.01
7.479997008,99.5,99.4898,-0.01
7.519996991999999,99.5,99.4899,-0.01
7.559996976,99.5,99.4899,-0.01
7.59999696,99.5,99.4899,-0.01
7.639996944,99.5,99.49,-0.0099
7.679996928,99.5,99.49,-0.0099
7.719996912,99.5,99.49,-0.0099
7.759996896,99.5,99.49,-0.0099
7.79999688,99.5,99.49,-0.0099
7.839996864,99.5,99.49,-0.0099
7.879996848,99.5,99.49,-0.0099
7.919996832000001,99.5,99.49,-0.0099
7.959996816,99.5,99.49,-0.0099
7.999996799999999,99.5,99.4899,-0.01
8.039996784,99.5,99.49,-0.0099
8.079996767999999,99.5,99.4899,-0.01
8.119996751999999,99.5,99.4899,-0.01
8.159996736,99.5,99.4899,-0.01
8.19999672,99.5,99.4899,-0.01
8.239996704,99.5,99.4899,-0.01
8.279996688,99.5,99.4899,-0.01
8.319996672,99.5,99.4899,-0.01
8.359996656,99.5,99.4899,-0.01
8.39999664,99.5,99.4899,-0.01
8.439996623999999,99.5,99.4899,-0.01
8.479996607999999,99.5,99.4899,-0.01
8.519996592,99.5,99.4899,-0.01
8.559996576,99.5,99.4899,-0.01
8.59999656,99.5,99.4898,-0.01
8.639996544,99.5,99.4898,-0.01
8.679996528,99.5,99.4898,-0.0101
8.719996512,99.5,99.4898,-0.0101
8.759996496000001,99.5,99.4898,-0.0101
8.79999648,99.5,99.4897,-0.0102
8.839996463999999,99.5,99.4897,-0.0102
8.879996448,99.5,99.4896,-0.0103
8.919996432,99.5,99.4896,-0.0103
8.959996416,99.5,99.4896,-0.0103
8.9999964,99.5,99.4896,-0.0103
9.039996384,99.5,99.4895,-0.0103
9.079996368,99.5,99.4895,-0.0104
9.119996352000001,99.5,99.4895,-0.0104
9.159996336,99.5,99.4895,-0.0104
9.19999632,99.5,99.4895,-0.0104
9.239996304,99.5,99.4895,-0.0104
9.279996288,99.5,99.4894,-0.0105
9.319996272,99.5,99.4893,-0.0105
9.359996255999999,99.5,99.4893,-0.0106
9.39999624,99.5,99.4893,-0.0106
9.439996224,99.5,99.4893,-0.0106
9.479996208,99.5,99.4893,-0.0106
9.519996192,99.5,99.4893,-0.0106
9.559996176,99.5,99.4893,-0.0106
9.59999616,99.5,99.4892,-0.0107
9.639996144,99.5,99.4892,-0.0107
9.679996127999999,99.5,99.4892,-0.0107
9.719996111999999,99.5,99.4892,-0.0107
9.759996096,99.5,99.4892,-0.0107
9.79999608,99.5,99.4892,-0.0107
9.839996064,99.5,99.4892,-0.0107
9.879996048,99.5,99.4891,-0.0108
9.919996032,99.5,99.4891,-0.0108
9.959996016,99.5,99.4891,-0.0108
9.999996000000001,99.5,99.4891,-0.0108
10.039995983999999,99.5,99.4891,-0.0108
10.079995967999999,99.5,99.4891,-0.0108
10.119995952,99.5,99.4891,-0.0108
10.159995936,99.5,99.4891,-0.0108
10.19999592,99.5,99.489,-0.0109
10.239995904,99.5,99.489,-0.0109
10.279995888,99.5,99.489,-0.0109
10.319995872,99.5,99.489,-0.0109
10.359995856000001,99.5,99.4889,-0.0109
10.39999584,99.5,99.4889,-0.011
10.439995824,99.5,99.4889,-0.011
10.479995808,99.5,99.4888,-0.011
10.519995792,99.5,99.4888,-0.0111
10.559995776,99.5,99.4888,-0.0111
10.599995759999999,99.5,99.4888,-0.0111
10.639995744,99.5,99.4888,-0.0111
10.679995728,99.5,99.4887,-0.0112
10.719995712,99.5,99.4887,-0.0112
10.759995696,99.5,99.4886,-0.0112
10.79999568,99.5,99.4886,-0.0113
10.839995664,99.5,99.4886,-0.0113
10.879995648,99.5,99.4885,-0.0114
10.919995632,99.5,99.4885,-0.0114
10.959995615999999,99.5,99.4884,-0.0114
10.9999956,99.5,99.4884,-0.0115
11.039995584,99.5,99.4884,-0.0115
11.079995568,99.5,99.4884,-0.0115
11.119995552,99.5,99.4884,-0.0115
11.159995536,99.5,99.4884,-0.0115
11.19999552,99.5,99.4883,-0.0116
11.239995504000001,99.5,99.4883,-0.0116
11.279995487999999,99.5,99.4882,-0.0117
11.319995471999999,99.5,99.4882,-0.0117
11.359995456,99.5,99.4882,-0.0117
11.39999544,99.5,99.4881,-0.0117
11.439995424,99.5,99.4881,-0.0118
11.479995408,99.5,99.4881,-0.0118
11.519995392,99.5,99.4881,-0.0118
11.559995376,99.5,99.4881,-0.0118
11.599995360000001,99.5,99.4881,-0.0118
11.639995344,99.5,99.488,-0.0119
11.679995327999999,99.5,99.488,-0.0119
11.719995312,99.5,99.488,-0.0119
11.759995296,99.5,99.4879,-0.012
11.79999528,99.5,99.4879,-0.012
11.839995263999999,99.5,99.4879,-0.012
11.879995248,99.5,99.4878,-0.012
11.919995232,99.5,99.4878,-0.0121
11.959995216,99.5,99.4878,-0.0121
11.9999952,99.5,99.4878,-0.0121
12.039995184,99.5,99.4878,-0.0121
12.079995168,99.5,99.4877,-0.0122
12.119995152,99.5,99.4877,-0.0122
12.159995136,99.5,99.4877,-0.0122
12.199995119999999,99.5,99.4876,-0.0123
12.239995104,99.5,99.4876,-0.0123
12.279995088,99.5,99.4875,-0.0124
12.319995072,99.5,99.4875,-0.0124
12.359995056,99.5,99.4875,-0.0124
12.39999504,99.5,99.4874,-0.0125
12.439995024,99.5,99.4874,-0.0125
12.479995008000001,99.5,99.4874,-0.0125
12.519994991999999,99.5,99.4873,-0.0126
12.559994975999999,99.5,99.4873,-0.0126
12.59999496,99.5,99.4873,-0.0126
12.639994944,99.5,99.4872,-0.0127
12.679994928,99.5,99.4872,-0.0127
12.719994912,99.5,99.4872,-0.0127
12.759994896,99.5,99.4871,-0.0127
12.79999488,99.5,99.4871,-0.0128
12.839994864000001,99.5,99.4871,-0.0128
12.879994848,99.5,99.4871,-0.0128
12.919994831999999,99.5,99.487,-0.0128
12.959994816,99.5,99.487,-0.0128
12.9999948,99.5,99.487,-0.0129
13.039994784,99.5,99.487,-0.0129
13.079994767999999,99.5,99.487,-0.0129
13.119994752,99.5,99.487,-0.0129
13.159994736,99.5,99.487,-0.0129
13.19999472,99.5,99.4869,-0.013
13.239994704,99.5,99.4869,-0.013
13.279994688,99.5,99.4868,-0.0131
13.319994671999998,99.5,99.4868,-0.0131
13.359994656,99.5,99.4868,-0.0131
13.39999464,99.5,99.4868,-0.0131
13.439994623999999,99.5,99.4868,-0.0131
13.479994608,99.5,99.4868,-0.0131
13.519994592,99.5,99.4868,-0.0131
13.559994576,99.5,99.4868,-0.0131
13.59999456,99.5,99.4868,-0.0131
13.639994544,99.5,99.4868,-0.0131
13.679994528,99.5,99.4868,-0.0131
13.719994512000001,99.5,99.4867,-0.0132
13.759994496,99.5,99.4867,-0.0132
13.799994479999999,99.5,99.4867,-0.0132
13.839994464,99.5,99.4867,-0.0132
13.879994448,99.5,99.4867,-0.0132
13.919994432,99.5,99.4867,-0.0132
13.959994416,99.5,99.4867,-0.0132
13.9999944,99.5,99.4867,-0.0131
14.039994384,99.5,99.4867,-0.0132
14.079994368000001,99.5,99.4867,-0.0131
14.119994352,99.5,99.4868,-0.0131
14.159994335999999,99.5,99.4868,-0.0131
14.19999432,99.5,99.4868,-0.0131
14.239994304,99.5,99.4868,-0.0131
14.279994288,99.5,99.4868,-0.0131
14.319994271999999,99.5,99.4868,-0.0131
14.359994256,99.5,99.4869,-0.013
14.39999424,99.5,99.4869,-0.013
14.439994224,99.5,99.4869,-0.013
14.479994208,99.5,99.4869,-0.013
14.519994192,99.5,99.4869,-0.013
14.559994175999998,99.5,99.4869,-0.013
14.59999416,99.5,99.4869,-0.013
14.639994144,99.5,99.4869,-0.013
14.679994127999999,99.5,99.487,-0.0129
14.719994112,99.5,99.4869,-0.013
14.759994096,99.5,99.4869,-0.013
14.79999408,99.5,99.4869,-0.013
14.839994064,99.5,99.4869,-0.013
14.879994048,99.5,99.487,-0.0129
14.919994032,99.5,99.487,-0.0129
14.959994016,99.5,99.487,-0.0129
14.999994,99.5,99.487,-0.0128
15.039993983999999,99.5,99.487,-0.0129
15.079993968,99.5,99.487,-0.0129
15.119993952,99.5,99.4871,-0.0128
15.159993936,99.5,99.487,-0.0128
15.19999392,99.5,99.487,-0.0129
15.239993904,99.5,99.4871,-0.0128
15.279993888,99.5,99.4871,-0.0128
15.319993872000001,99.5,99.4871,-0.0128
15.359993856,99.5,99.4871,-0.0128
15.399993839999999,99.5,99.4871,-0.0128
15.439993824,99.5,99.4872,-0.0127
15.479993808,99.5,99.4872,-0.0127
15.519993792,99.5,99.4873,-0.0126
15.559993775999999,99.5,99.4873,-0.0126
15.59999376,99.5,99.4873,-0.0126
15.639993743999998,99.5,99.4873,-0.0126
15.679993728,99.5,99.4873,-0.0126
15.719993711999999,99.5,99.4873,-0.0126
15.759993696,99.5,99.4873,-0.0125
15.799993679999998,99.5,99.4874,-0.0125
15.839993664000001,99.5,99.4873,-0.0125
15.879993648,99.5,99.4874,-0.0125
15.919993632,99.5,99.4874,-0.0125
15.959993616,99.5,99.4874,-0.0125
15.999993599999998,99.5,99.4874,-0.0125
16.039993584,99.5,99.4874,-0.0125
16.079993568,99.5,99.4874,-0.0125
16.119993552,99.5,99.4874,-0.0125
16.159993535999998,99.5,99.4874,-0.0125
16.19999352,99.5,99.4875,-0.0124
16.239993503999997,99.5,99.4875,-0.0124
16.279993488000002,99.5,99.4875,-0.0124
16.319993472,99.5,99.4875,-0.0124
16.359993456,99.5,99.4875,-0.0123
16.39999344,99.5,99.4875,-0.0123
16.439993423999997,99.5,99.4876,-0.0123
16.479993408,99.5,99.4876,-0.0123
16.519993392,99.5,99.4876,-0.0123
16.559993376,99.5,99.4875,-0.0123
16.59999336,99.5,99.4876,-0.0123
16.639993344,99.5,99.4876,-0.0123
16.679993328,99.5,99.4876,-0.0123
16.719993312,99.5,99.4875,-0.0123
16.759993296,99.5,99.4875,-0.0123
16.79999328,99.5,99.4875,-0.0124
16.839993264,99.5,99.4875,-0.0123
16.879993247999998,99.5,99.4875,-0.0123
16.919993232,99.5,99.4876,-0.0123
16.959993215999997,99.5,99.4876,-0.0123
16.999993200000002,99.5,99.4876,-0.0123
17.039993184,99.5,99.4876,-0.0123
17.079993168,99.5,99.4876,-0.0123
17.119993152,99.5,99.4875,-0.0124
17.159993136,99.5,99.4875,-0.0124
17.19999312,99.5,99.4875,-0.0124
17.239993104,99.5,99.4875,-0.0124
17.279993088,99.5,99.4875,-0.0124
17.319993072,99.5,99.4875,-0.0124
17.359993056,99.5,99.4876,-0.0123
17.39999304,99.5,99.4875,-0.0123
17.439993024,99.5,99.4876,-0.0123
17.479993007999997,99.5,99.4876,-0.0123
17.519992992000002,99.5,99.4876,-0.0123
17.559992976,99.5,99.4876,-0.0123
17.59999296,99.5,99.4876,-0.0123
17.639992944,99.5,99.4875,-0.0123
17.679992927999997,99.5,99.4876,-0.0123
17.719992912,99.5,99.4876,-0.0123
17.759992896,99.5,99.4876,-0.0123
17.79999288,99.5,99.4876,-0.0123
17.839992864,99.5,99.4876,-0.0123
17.879992848,99.5,99.4876,-0.0123
17.919992832,99.5,99.4876,-0.0123
17.959992816,99.5,99.4876,-0.0122
17.9999928,99.5,99.4877,-0.0122
18.039992784,99.5,99.4877,-0.0122
18.079992768,99.5,99.4877,-0.0122
18.119992751999998,99.5,99.4877,-0.0122
18.159992736,99.5,99.4877,-0.0122
18.199992719999997,99.5,99.4877,-0.0122
18.239992704000002,99.5,99.4877,-0.0122
18.279992688,99.5,99.4877,-0.0121
18.319992672,99.5,99.4877,-0.0121
18.359992656,99.5,99.4878,-0.0121
18.39999264,99.5,99.4878,-0.0121
18.439992624,99.5,99.4878,-0.012
18.479992608,99.5,99.4879,-0.012
18.519992592,99.5,99.4878,-0.012
18.559992576,99.5,99.4879,-0.012
18.59999256,99.5,99.4879,-0.012
18.639992544,99.5,99.4879,-0.0119
18.679992528,99.5,99.4879,-0.012
18.719992511999997,99.5,99.488,-0.0119
18.759992496000002,99.5,99.488,-0.0118
18.79999248,99.5,99.4881,-0.0118
18.839992464,99.5,99.488,-0.0119
18.879992448,99.5,99.4881,-0.0118
18.919992431999997,99.5,99.4881,-0.0118
18.959992416,99.5,99.4881,-0.0118
18.9999924,99.5,99.4881,-0.0118
19.039992384,99.5,99.4882,-0.0117
19.079992368,99.5,99.4882,-0.0117
19.119992352,99.5,99.4882,-0.0117
19.159992336,99.5,99.4883,-0.0116
19.19999232,99.5,99.4883,-0.0116
19.239992304,99.5,99.4883,-0.0116
19.279992288,99.5,99.4884,-0.0115
19.319992272,99.5,99.4883,-0.0116
19.359992255999998,99.5,99.4884,-0.0115
19.39999224,99.5,99.4884,-0.0115
19.439992223999997,99.5,99.4884,-0.0115
19.479992208000002,99.5,99.4884,-0.0115
19.519992192,99.5,99.4885,-0.0114
19.559992176,99.5,99.4885,-0.0114
19.59999216,99.5,99.4885,-0.0114
19.639992144,99.5,99.4885,-0.0114
19.679992128,99.5,99.4886,-0.0113
19.719992112,99.5,99.4886,-0.0113
19.759992096,99.5,99.4887,-0.0112
19.79999208,99.5,99.4887,-0.0111
19.839992064,99.5,99.4888,-0.0111
19.879992048,99.5,99.4888,-0.011
19.919992032,99.5,99.4889,-0.011
19.959992015999998,99.5,99.4889,-0.0109
19.999992000000002,99.5,99.489,-0.0109
20.039991984,99.5,99.4891,-0.0108
20.079991967999998,99.5,99.4891,-0.0108
20.119991952,99.5,99.4891,-0.0108
20.159991935999997,99.5,99.4892,-0.0107
20.19999192,99.5,99.4892,-0.0107
20.239991904,99.5,99.4892,-0.0107
20.279991888,99.5,99.4893,-0.0106
20.319991872,99.5,99.4893,-0.0106
20.359991856,99.5,99.4893,-0.0105
20.39999184,99.5,99.4894,-0.0105
20.439991824,99.5,99.4894,-0.0105
20.479991808,99.5,99.4895,-0.0104
20.519991792,99.5,99.4895,-0.0104
20.559991776,99.5,99.4895,-0.0104
20.599991759999998,99.5,99.4895,-0.0104
20.639991744,99.5,99.4895,-0.0104
20.679991727999997,99.5,99.4895,-0.0104
20.719991712000002,99.5,99.4895,-0.0104
20.759991696,99.5,99.4895,-0.0104
20.79999168,99.5,99.4895,-0.0104
20.839991664,99.5,99.4895,-0.0104
20.879991648,99.5,99.4896,-0.0103
20.919991632,99.5,99.4895,-0.0103
20.959991616,99.5,99.4896,-0.0103
20.9999916,99.5,99.4896,-0.0103
21.039991584,99.5,99.4896,-0.0103
21.079991568,99.5,99.4896,-0.0103
21.119991552,99.5,99.4896,-0.0103
21.159991536,99.5,99.4896,-0.0103
21.199991519999998,99.5,99.4895,-0.0104
21.239991504000002,99.5,99.4896,-0.0103
21.279991488,99.5,99.4896,-0.0103
21.319991471999998,99.5,99.4896,-0.0103
21.359991456,99.5,99.4896,-0.0103
21.399991439999997,99.5,99.4897,-0.0102
21.439991424,99.5,99.4897,-0.0102
21.479991408,99.5,99.4897,-0.0102
21.519991392,99.5,99.4897,-0.0102
21.559991376,99.5,99.4898,-0.0101
21.59999136,99.5,99.4898,-0.0101
21.639991344,99.5,99.4897,-0.0102
21.679991328,99.5,99.4898,-0.0101
21.719991312,99.5,99.4898,-0.0101
21.759991296,99.5,99.4898,-0.0101
21.79999128,99.5,99.4898,-0.01
21.839991264,99.5,99.4898,-0.0101
21.879991248,99.5,99.4898,-0.01
21.919991231999997,99.5,99.4898,-0.0101
21.959991216000002,99.5,99.4898,-0.01
21.9999912,99.5,99.4898,-0.01
22.039991184,99.5,99.4899,-0.01
22.079991168,99.5,99.4899,-0.01
22.119991151999997,99.5,99.49,-0.0099
22.159991136,99.5,99.4901,-0.0098
22.19999112,99.5,99.4901,-0.0098
22.239991104,99.5,99.4902,-0.0097
22.279991088,99.5,99.4902,-0.0096
22.319991072,99.5,99.4903,-0.0096
22.359991056,99.5,99.4903,-0.0096
22.39999104,99.5,99.4903,-0.0095
22.439991023999998,99.5,99.4904,-0.0095
22.479991008000002,99.5,99.4904,-0.0095
22.519990992,99.5,99.4905,-0.0094
22.559990975999998,99.5,99.4905,-0.0094
22.59999096,99.5,99.4905,-0.0094
22.639990943999997,99.5,99.4906,-0.0093
22.679990928,99.5,99.4906,-0.0093
22.719990912,99.5,99.4906,-0.0093
22.759990896,99.5,99.4906,-0.0093
22.79999088,99.5,99.4907,-0.0092
22.839990864,99.5,99.4907,-0.0092
22.879990848,99.5,99.4907,-0.0092
22.919990832,99.5,99.4907,-0.0092
22.959990816,99.5,99.4907,-0.0092
22.9999908,99.5,99.4907,-0.0092
23.039990784,99.5,99.4907,-0.0092
23.079990768,99.5,99.4907,-0.0092
23.119990752,99.5,99.4907,-0.0092
23.159990735999997,99.5,99.4907,-0.0092
23.199990720000002,99.5,99.4907,-0.0092
23.239990704,99.5,99.4907,-0.0092
23.279990688,99.5,99.4907,-0.0092
23.319990672,99.5,99.4907,-0.0092
23.359990655999997,99.5,99.4907,-0.0091
23.39999064,99.5,99.4907,-0.0092
23.439990624,99.5,99.4908,-0.0091
23.479990608,99.5,99.4908,-0.0091
23.519990592,99.5,99.4908,-0.0091
23.559990576,99.5,99.4908,-0.0091
23.59999056,99.5,99.4908,-0.0091
23.639990544,99.5,99.4908,-0.0091
23.679990527999998,99.5,99.4908,-0.0091
23.719990512000003,99.5,99.4908,-0.0091
23.759990496,99.5,99.4908,-0.0091
23.799990479999998,99.5,99.4908,-0.0091
23.839990464,99.5,99.4907,-0.0091
23.879990447999997,99.5,99.4908,-0.0091
23.919990432,99.5,99.4908,-0.0091
23.959990416,99.5,99.4907,-0.0092
23.9999904,99.5,99.4907,-0.0091
24.039990384,99.5,99.4908,-0.0091
24.079990368,99.5,99.4908,-0.0091
24.119990352,99.5,99.4908,-0.0091
24.159990336,99.5,99.4908,-0.0091
24.19999032,99.5,99.4908,-0.0091
24.239990304,99.5,99.4908,-0.0091
24.279990288,99.5,99.4908,-0.0091
24.319990272,99.5,99.4908,-0.0091
24.359990256,99.5,99.4908,-0.0091
24.399990239999997,99.5,99.4908,-0.0091
24.439990224000002,99.5,99.4907,-0.0092
24.479990208,99.5,99.4907,-0.0092
24.519990192,99.5,99.4907,-0.0092
24.559990176,99.5,99.4906,-0.0093
24.599990159999997,99.5,99.4906,-0.0093
24.639990144,99.5,99.4906,-0.0093
24.679990128,99.5,99.4906,-0.0093
24.719990112,99.5,99.4905,-0.0094
24.759990096,99.5,99.4905,-0.0094
24.79999008,99.5,99.4905,-0.0094
24.839990064,99.5,99.4905,-0.0094
24.879990048,99.5,99.4905,-0.0094
24.919990031999998,99.5,99.4905,-0.0094
24.959990016000003,99.5,99.4905,-0.0094
24.99999,99.5,99.4905,-0.0094
25.039989983999998,99.5,99.4904,-0.0095
25.079989968,99.5,99.4904,-0.0095
25.119989951999997,99.5,99.4904,-0.0095
25.159989936,99.5,99.4904,-0.0095
25.19998992,99.5,99.4904,-0.0095
25.239989904,99.5,99.4903,-0.0095
25.279989888,99.5,99.4903,-0.0096
25.319989872,99.5,99.4903,-0.0096
25.359989856,99.5,99.4902,-0.0096
25.399989839999996,99.5,99.4902,-0.0097
25.439989824,99.5,99.4901,-0.0097
25.479989808,99.5,99.4901,-0.0098
25.519989792,99.5,99.4901,-0.0098
25.559989776,99.5,99.4901,-0.0098
25.59998976,99.5,99.49,-0.0098
25.639989743999998,99.5,99.49,-0.0099
25.679989728000002,99.5,99.49,-0.0099
25.719989712,99.5,99.49,-0.0099
25.759989696,99.5,99.49,-0.0099
25.79998968,99.5,99.49,-0.0099
25.839989663999997,99.5,99.4899,-0.01
25.879989648,99.5,99.4899,-0.01
25.919989632,99.5,99.4899,-0.01
25.959989616,99.5,99.4899,-0.01
25.9999896,99.5,99.4899,-0.01
26.039989584,99.5,99.4899,-0.01
26.079989568,99.5,99.4899,-0.01
26.119989552,99.5,99.4898,-0.01
26.159989535999998,99.5,99.4898,-0.0101
26.199989520000003,99.5,99.4898,-0.0101
26.239989504,99.5,99.4898,-0.0101
26.279989488,99.5,99.4898,-0.0101
26.319989472,99.5,99.4898,-0.0101
26.359989455999997,99.5,99.4898,-0.0101
26.39998944,99.5,99.4898,-0.0101
26.439989424,99.5,99.4898,-0.0101
26.479989408,99.5,99.4898,-0.0101
26.519989392,99.5,99.4897,-0.0102
26.559989376,99.5,99.4897,-0.0102
26.59998936,99.5,99.4897,-0.0102
26.639989343999996,99.5,99.4897,-0.0102
26.679989328,99.5,99.4897,-0.0102
26.719989312,99.5,99.4897,-0.0102
26.759989296,99.5,99.4897,-0.0102
26.79998928,99.5,99.4896,-0.0103
26.839989264,99.5,99.4896,-0.0103
26.879989247999998,99.5,99.4896,-0.0103
26.919989232000002,99.5,99.4896,-0.0103
26.959989216,99.5,99.4896,-0.0103
26.9999892,99.5,99.4896,-0.0103
27.039989184,99.5,99.4896,-0.0103
27.079989167999997,99.5,99.4896,-0.0103
27.119989152,99.5,99.4896,-0.0103
27.159989136,99.5,99.4896,-0.0103
27.19998912,99.5,99.4897,-0.0102
27.239989104,99.5,99.4897,-0.0102
27.279989088,99.5,99.4897,-0.0102
27.319989072,99.5,99.4897,-0.0102
27.359989056,99.5,99.4897,-0.0102
27.399989039999998,99.5,99.4897,-0.0102
27.439989024000003,99.5,99.4898,-0.0101
27.479989008,99.5,99.4898,-0.0101
27.519988992,99.5,99.4898,-0.0101
27.559988976,99.5,99.4898,-0.0101
27.599988959999997,99.5,99.4898,-0.0101
27.639988944,99.5,99.4898,-0.0101
27.679988928,99.5,99.4898,-0.01
27.719988912,99.5,99.4898,-0.0101
27.759988896,99.5,99.4898,-0.01
27.79998888,99.5,99.4898,-0.01
27.839988864,99.5,99.4898,-0.01
27.879988847999996,99.5,99.4898,-0.01
27.919988832,99.5,99.4898,-0.01
27.959988816,99.5,99.4899,-0.01
27.9999888,99.5,99.4898,-0.01
28.039988784,99.5,99.4899,-0.01
28.079988768,99.5,99.4899,-0.01
28.119988751999998,99.5,99.4899,-0.01
28.159988736000003,99.5,99.4899,-0.01
28.19998872,99.5,99.4899,-0.01
28.239988704,99.5,99.4899,-0.01
28.279988688,99.5,99.4899,-0.01
28.319988671999997,99.5,99.4898,-0.01
28.359988656,99.5,99.4898,-0.01
28.39998864,99.5,99.4898,-0.01
28.439988624,99.5,99.4898,-0.01
28.479988608,99.5,99.4898,-0.0101
28.519988592,99.5,99.4898,-0.0101
28.559988576,99.5,99.4898,-0.0101
28.59998856,99.5,99.4898,-0.0101
28.639988543999998,99.5,99.4898,-0.0101
28.679988528,99.5,99.4898,-0.0101
28.719988512,99.5,99.4898,-0.0101
28.759988496,99.5,99.4897,-0.0102
28.79998848,99.5,99.4897,-0.0102
28.839988463999997,99.5,99.4897,-0.0102
28.879988448,99.5,99.4897,-0.0102
28.919988432,99.5,99.4897,-0.0102
28.959988416,99.5,99.4896,-0.0102
28.9999884,99.5,99.4896,-0.0103
29.039988384,99.5,99.4896,-0.0103
29.079988368,99.5,99.4896,-0.0103
29.119988351999996,99.5,99.4896,-0.0103
29.159988336,99.5,99.4896,-0.0103
29.19998832,99.5,99.4896,-0.0103
29.239988304,99.5,99.4895,-0.0104
29.279988288,99.5,99.4895,-0.0104
29.319988272,99.5,99.4895,-0.0104
29.359988255999998,99.5,99.4895,-0.0104
29.399988240000003,99.5,99.4895,-0.0104
29.439988224,99.5,99.4894,-0.0105
29.479988208,99.5,99.4894,-0.0105
29.519988192,99.5,99.4893,-0.0106
29.559988175999997,99.5,99.4893,-0.0106
29.59998816,99.5,99.4893,-0.0106
29.639988144,99.5,99.4893,-0.0106
29.679988128,99.5,99.4892,-0.0107
29.719988112,99.5,99.4892,-0.0107
29.759988096,99.5,99.4892,-0.0107
29.79998808,99.5,99.4892,-0.0107
29.839988064,99.5,99.4891,-0.0108
29.879988047999998,99.5,99.4891,-0.0108
29.919988032,99.5,99.489,-0.0109
29.959988016,99.5,99.4889,-0.011
29.999988,99.5,99.4889,-0.011
30.039987984,99.5,99.4889,-0.011
30.079987967999998,99.5,99.4888,-0.0111
30.119987952,99.5,99.4888,-0.0111
30.159987936,99.5,99.4887,-0.0112
30.19998792,99.5,99.4887,-0.0112
30.239987904,99.5,99.4887,-0.0112
30.279987888,99.5,99.4886,-0.0112
30.319987872,99.5,99.4887,-0.0112
30.359987855999996,99.5,99.4886,-0.0112
30.39998784,99.5,99.4886,-0.0113
30.439987824,99.5,99.4886,-0.0113
30.479987808,99.5,99.4885,-0.0114
30.519987792,99.5,99.4885,-0.0114
30.559987776,99.5,99.4884,-0.0115
30.599987759999998,99.5,99.4883,-0.0116
30.639987744000003,99.5,99.4883,-0.0116
30.679987728,99.5,99.4882,-0.0116
30.719987712,99.5,99.4882,-0.0117
30.759987696,99.5,99.4882,-0.0117
30.799987679999997,99.5,99.4882,-0.0117
30.839987664,99.5,99.4882,-0.0117
30.879987648,99.5,99.4881,-0.0118
30.919987632,99.5,99.4882,-0.0117
30.959987616,99.5,99.4882,-0.0117
30.9999876,99.5,99.4881,-0.0118
31.039987584,99.5,99.4881,-0.0118
31.079987568,99.5,99.488,-0.0118
31.119987551999998,99.5,99.488,-0.0119
31.159987536,99.5,99.488,-0.0119
31.19998752,99.5,99.488,-0.0119
31.239987504,99.5,99.4879,-0.0119
31.279987487999996,99.5,99.4879,-0.012
31.319987472,99.5,99.4879,-0.012
31.359987456,99.5,99.4879,-0.012
31.39998744,99.5,99.4879,-0.012
31.439987423999998,99.5,99.4878,-0.0121
31.479987408000003,99.5,99.4878,-0.0121
31.519987392,99.5,99.4878,-0.0121
31.559987376,99.5,99.4877,-0.0121
31.599987359999997,99.5,99.4877,-0.0122
31.639987343999998,99.5,99.4877,-0.0122
31.679987328000003,99.5,99.4877,-0.0122
31.719987312,99.5,99.4877,-0.0122
31.759987296,99.5,99.4876,-0.0123
31.799987279999996,99.5,99.4876,-0.0123
31.839987264,99.5,99.4875,-0.0124
31.879987248000003,99.5,99.4875,-0.0124
31.919987232,99.5,99.4875,-0.0124
31.959987216,99.5,99.4874,-0.0125
31.999987199999996,99.5,99.4873,-0.0125
32.039987184000005,99.5,99.4873,-0.0125
32.079987168,99.5,99.4873,-0.0126
32.119987152,99.5,99.4873,-0.0126
32.159987136,99.5,99.4873,-0.0126
32.19998712,99.5,99.4873,-0.0126
32.239987104,99.5,99.4873,-0.0126
32.279987088,99.5,99.4872,-0.0127
32.319987071999996,99.5,99.4872,-0.0127
32.359987055999994,99.5,99.4872,-0.0127
32.39998704,99.5,99.4871,-0.0128
32.439987024,99.5,99.4871,-0.0128
32.479987007999995,99.5,99.487,-0.0128
32.519986992,99.5,99.4871,-0.0128
32.559986976000005,99.5,99.487,-0.0128
32.59998696,99.5,99.487,-0.0129
32.639986944,99.5,99.487,-0.0129
32.679986928,99.5,99.487,-0.0129
32.719986912,99.5,99.487,-0.0129
32.759986896,99.5,99.487,-0.0129
32.79998688,99.5,99.487,-0.0129
32.839986864,99.5,99.487,-0.0129
32.879986847999994,99.5,99.487,-0.0129
32.919986832,99.5,99.487,-0.0129
32.959986816,99.5,99.487,-0.0129
32.9999868,99.5,99.487,-0.0129
33.039986784,99.5,99.487,-0.0129
33.079986768000005,99.5,99.487,-0.0129
33.119986752,99.5,99.487,-0.0128
33.159986736,99.5,99.487,-0.0128
33.19998672,99.5,99.487,-0.0128
33.239986703999996,99.5,99.4871,-0.0128
33.279986688,99.5,99.4871,-0.0128
33.319986672,99.5,99.4871,-0.0128
33.359986656,99.5,99.4871,-0.0128
33.399986639999995,99.5,99.4871,-0.0128
33.439986624,99.5,99.4871,-0.0128
33.479986608000004,99.5,99.4871,-0.0128
33.519986592,99.5,99.4871,-0.0128
33.559986576,99.5,99.4871,-0.0128
33.59998656,99.5,99.4871,-0.0128
33.639986544,99.5,99.487,-0.0128
33.679986528,99.5,99.487,-0.0129
33.719986512,99.5,99.487,-0.0129
33.759986495999996,99.5,99.487,-0.0129
33.79998648,99.5,99.487,-0.0129
33.839986464,99.5,99.487,-0.0129
33.879986448,99.5,99.487,-0.0128
33.919986431999995,99.5,99.487,-0.0128
33.959986416,99.5,99.487,-0.0129
33.999986400000004,99.5,99.487,-0.0129
34.039986384,99.5,99.487,-0.0129
34.079986368,99.5,99.487,-0.0129
34.119986352,99.5,99.487,-0.0129
34.159986336,99.5,99.487,-0.0129
34.19998632,99.5,99.487,-0.0129
34.239986304,99.5,99.487,-0.0129
34.279986287999996,99.5,99.487,-0.0129
34.319986272,99.5,99.487,-0.0129
34.359986256,99.5,99.487,-0.0128
34.39998624,99.5,99.487,-0.0128
34.439986223999995,99.5,99.4871,-0.0128
34.479986208,99.5,99.4871,-0.0128
34.519986192000005,99.5,99.4871,-0.0128
34.559986176,99.5,99.4871,-0.0128
34.59998616,99.5,99.4871,-0.0128
34.639986144,99.5,99.4871,-0.0127
34.679986128,99.5,99.4872,-0.0127
34.719986112,99.5,99.4872,-0.0127
34.759986096,99.5,99.4872,-0.0127
34.79998608,99.5,99.4872,-0.0127
34.839986063999994,99.5,99.4872,-0.0127
34.879986048,99.5,99.4872,-0.0127
34.919986032,99.5,99.4872,-0.0127
34.959986015999995,99.5,99.4872,-0.0127
34.999986,99.5,99.4872,-0.0127
35.039985984000005,99.5,99.4873,-0.0126
35.079985968,99.5,99.4873,-0.0126
35.119985952,99.5,99.4873,-0.0126
35.159985936,99.5,99.4874,-0.0125
35.19998592,99.5,99.4874,-0.0125
35.239985904,99.5,99.4873,-0.0125
35.279985888,99.5,99.4874,-0.0125
35.319985872,99.5,99.4874,-0.0125
35.359985855999994,99.5,99.4874,-0.0125
35.39998584,99.5,99.4874,-0.0125
35.439985824,99.5,99.4874,-0.0125
35.479985808,99.5,99.4874,-0.0125
35.519985792,99.5,99.4875,-0.0124
35.559985776000005,99.5,99.4875,-0.0124
35.59998576,99.5,99.4875,-0.0124
35.639985744,99.5,99.4875,-0.0124
35.679985728,99.5,99.4875,-0.0124
35.719985711999996,99.5,99.4875,-0.0124
35.759985696,99.5,99.4875,-0.0124
35.79998568,99.5,99.4875,-0.0124
35.839985664,99.5,99.4874,-0.0125
35.879985647999995,99.5,99.4875,-0.0124
35.919985632,99.5,99.4874,-0.0125
35.959985616,99.5,99.4874,-0.0125
35.9999856,99.5,99.4874,-0.0125
36.039985584,99.5,99.4873,-0.0126
36.079985568,99.5,99.4874,-0.0125
36.119985552,99.5,99.4873,-0.0125
36.159985536,99.5,99.4874,-0.0125
36.19998552,99.5,99.4874,-0.0125
36.239985503999996,99.5,99.4874,-0.0125
36.279985488,99.5,99.4874,-0.0125
36.319985472,99.5,99.4874,-0.0125
36.359985456,99.5,99.4874,-0.0125
36.399985439999995,99.5,99.4875,-0.0124
36.439985424,99.5,99.4875,-0.0124
36.479985408000005,99.5,99.4875,-0.0124
36.519985392,99.5,99.4875,-0.0124
36.559985376,99.5,99.4875,-0.0124
36.59998536,99.5,99.4876,-0.0123
36.639985344,99.5,99.4875,-0.0123
36.679985328,99.5,99.4875,-0.0123
36.719985312,99.5,99.4875,-0.0123
36.759985295999996,99.5,99.4876,-0.0123
36.79998528,99.5,99.4876,-0.0123
36.839985264,99.5,99.4876,-0.0123
36.879985248,99.5,99.4876,-0.0123
36.919985231999995,99.5,99.4876,-0.0123
36.959985216,99.5,99.4876,-0.0122
36.999985200000005,99.5,99.4877,-0.0122
37.039985184,99.5,99.4877,-0.0122
37.079985168,99.5,99.4877,-0.0122
37.119985152,99.5,99.4877,-0.0122
37.159985136,99.5,99.4877,-0.0122
37.19998512,99.5,99.4877,-0.0122
37.239985104,99.5,99.4877,-0.0121
37.279985088,99.5,99.4878,-0.0121
37.319985071999994,99.5,99.4878,-0.0121
37.359985056,99.5,99.4879,-0.012
37.39998504,99.5,99.4879,-0.0119
37.439985023999995,99.5,99.4879,-0.0119
37.479985008,99.5,99.488,-0.0119
37.519984992000005,99.5,99.488,-0.0119
37.559984976,99.5,99.488,-0.0119
37.59998496,99.5,99.488,-0.0119
37.639984944,99.5,99.488,-0.0119
37.679984928,99.5,99.4881,-0.0118
37.719984912,99.5,99.4881,-0.0118
37.759984896,99.5,99.4881,-0.0118
37.79998488,99.5,99.4881,-0.0117
37.839984863999995,99.5,99.4881,-0.0117
37.879984848,99.5,99.4882,-0.0117
37.919984832,99.5,99.4882,-0.0117
37.959984816,99.5,99.4882,-0.0117
37.9999848,99.5,99.4883,-0.0116
38.039984784000005,99.5,99.4883,-0.0116
38.079984768,99.5,99.4883,-0.0116
38.119984752,99.5,99.4884,-0.0115
38.159984736,99.5,99.4884,-0.0115
38.199984719999996,99.5,99.4885,-0.0114
38.239984704,99.5,99.4884,-0.0114
38.279984688,99.5,99.4884,-0.0115
38.319984672,99.5,99.4885,-0.0114
38.359984655999995,99.5,99.4885,-0.0114
38.39998464,99.5,99.4885,-0.0114
38.439984624000004,99.5,99.4886,-0.0113
38.479984608,99.5,99.4886,-0.0113
38.519984592,99.5,99.4886,-0.0113
38.559984576,99.5,99.4886,-0.0113
38.59998456,99.5,99.4887,-0.0112
38.639984544,99.5,99.4887,-0.0112
38.679984528,99.5,99.4887,-0.0112
38.719984511999996,99.5,99.4888,-0.0111
38.759984496,99.5,99.4887,-0.0111
38.79998448,99.5,99.4888,-0.0111
38.839984464,99.5,99.4888,-0.0111
38.879984447999995,99.5,99.4888,-0.0111
38.91998443199999,99.5,99.4889,-0.011
38.959984416000005,99.5,99.4889,-0.011
38.9999844,99.5,99.4889,-0.011
39.039984384,99.5,99.489,-0.0109
39.079984368,99.5,99.489,-0.0109
39.119984352,99.5,99.4891,-0.0108
39.159984336,99.5,99.4891,-0.0108
39.19998432,99.5,99.4891,-0.0108
39.239984304,99.5,99.4892,-0.0107
39.279984288,99.5,99.4892,-0.0107
39.319984272,99.5,99.4892,-0.0107
39.359984256,99.5,99.4892,-0.0107
39.399984239999995,99.5,99.4892,-0.0107
39.439984224,99.5,99.4892,-0.0106
39.479984208000005,99.5,99.4892,-0.0106
39.519984192,99.5,99.4893,-0.0106
39.559984176,99.5,99.4893,-0.0106
39.59998416,99.5,99.4893,-0.0106
39.639984144,99.5,99.4893,-0.0106
39.679984128,99.5,99.4892,-0.0106
39.719984112,99.5,99.4893,-0.0106
39.759984096,99.5,99.4893,-0.0106
39.799984079999994,99.5,99.4893,-0.0106
39.839984064,99.5,99.4893,-0.0106
39.879984048,99.5,99.4893,-0.0106
39.919984031999995,99.5,99.4894,-0.0105
39.959984016,99.5,99.4893,-0.0105
39.999984000000005,99.5,99.4894,-0.0105
40.039983984,99.5,99.4894,-0.0105
40.079983968,99.5,99.4895,-0.0104
40.119983952,99.5,99.4895,-0.0104
40.159983935999996,99.5,99.4895,-0.0104
40.19998392,99.5,99.4895,-0.0104
40.239983904,99.5,99.4895,-0.0104
40.279983888,99.5,99.4895,-0.0103
40.319983871999995,99.5,99.4896,-0.0103
40.359983856,99.5,99.4896,-0.0103
40.39998384,99.5,99.4896,-0.0103
40.439983824,99.5,99.4896,-0.0103
40.479983808,99.5,99.4896,-0.0103
40.519983792000005,99.5,99.4897,-0.0102
40.559983776,99.5,99.4896,-0.0103
40.59998376,99.5,99.4896,-0.0103
40.639983744,99.5,99.4896,-0.0102
40.679983727999996,99.5,99.4896,-0.0103
40.719983712,99.5,99.4897,-0.0102
40.759983696,99.5,99.4896,-0.0102
40.79998368,99.5,99.4896,-0.0103
40.839983663999995,99.5,99.4896,-0.0103
40.879983648,99.5,99.4896,-0.0103
40.919983632,99.5,99.4896,-0.0103
40.959983616,99.5,99.4896,-0.0103
40.9999836,99.5,99.4896,-0.0103
41.039983584,99.5,99.4896,-0.0102
41.079983568,99.5,99.4896,-0.0103
41.119983552,99.5,99.4896,-0.0102
41.159983536,99.5,99.4897,-0.0102
41.199983519999996,99.5,99.4897,-0.0102
41.239983504,99.5,99.4897,-0.0102
41.279983488,99.5,99.4897,-0.0102
41.319983472,99.5,99.4897,-0.0102
41.359983455999995,99.5,99.4897,-0.0102
41.39998343999999,99.5,99.4897,-0.0102
41.439983424000005,99.5,99.4897,-0.0102
41.479983408,99.5,99.4897,-0.0102
41.519983392,99.5,99.4898,-0.0101
41.559983376,99.5,99.4897,-0.0102
41.59998336,99.5,99.4897,-0.0102
41.639983344,99.5,99.4898,-0.0101
41.679983328,99.5,99.4898,-0.0101
41.719983312,99.5,99.4898,-0.01
41.759983296,99.5,99.4898,-0.01
41.79998328,99.5,99.4899,-0.01
41.839983264,99.5,99.4899,-0.01
41.879983247999995,99.5,99.4899,-0.01
41.919983232,99.5,99.4899,-0.01
41.959983216000005,99.5,99.4899,-0.01
41.9999832,99.5,99.49,-0.0099
42.039983184,99.5,99.49,-0.0099
42.079983168,99.5,99.49,-0.0099
42.119983152,99.5,99.49,-0.0098
42.159983136,99.5,99.4901,-0.0098
42.19998312,99.5,99.4901,-0.0098
42.239983104,99.5,99.4902,-0.0097
42.279983087999994,99.5,99.4902,-0.0097
42.319983072,99.5,99.4902,-0.0097
42.359983056,99.5,99.4903,-0.0096
42.399983039999995,99.5,99.4903,-0.0096
42.439983024,99.5,99.4903,-0.0096
42.479983008000005,99.5,99.4903,-0.0096
42.519982992,99.5,99.4903,-0.0096
42.559982976,99.5,99.4904,-0.0095
42.59998296,99.5,99.4904,-0.0095
42.639982943999996,99.5,99.4904,-0.0095
42.679982928,99.5,99.4905,-0.0094
42.719982912,99.5,99.4905,-0.0094
42.759982896,99.5,99.4905,-0.0094
42.799982879999995,99.5,99.4905,-0.0094
42.839982864,99.5,99.4906,-0.0093
42.879982848,99.5,99.4906,-0.0093
42.919982832,99.5,99.4906,-0.0093
42.959982816,99.5,99.4906,-0.0093
42.999982800000005,99.5,99.4906,-0.0093
43.039982784,99.5,99.4906,-0.0093
43.079982768,99.5,99.4906,-0.0093
43.119982752,99.5,99.4906,-0.0093
43.159982735999996,99.5,99.4907,-0.0092
43.19998272,99.5,99.4906,-0.0093
43.239982704,99.5,99.4907,-0.0092
43.279982688,99.5,99.4907,-0.0092
43.319982671999995,99.5,99.4907,-0.0092
43.359982656,99.5,99.4907,-0.0092
43.399982640000005,99.5,99.4907,-0.0092
43.439982624,99.5,99.4907,-0.0091
43.479982608,99.5,99.4907,-0.0092
43.519982592,99.5,99.4907,-0.0092
43.559982576,99.5,99.4907,-0.0092
43.59998256,99.5,99.4907,-0.0091
43.639982544,99.5,99.4908,-0.0091
43.679982528,99.5,99.4908,-0.0091
43.719982512,99.5,99.4908,-0.0091
43.759982496,99.5,99.4908,-0.0091
43.79998248,99.5,99.4908,-0.0091
43.839982463999995,99.5,99.4908,-0.0091
43.87998244799999,99.5,99.4908,-0.0091
43.919982432000005,99.5,99.4908,-0.0091
43.959982416,99.5,99.4908,-0.0091
43.9999824,99.5,99.4908,-0.0091
44.039982384,99.5,99.4908,-0.009
44.079982368,99.5,99.4908,-0.0091
44.119982352,99.5,99.4908,-0.0091
44.159982336,99.5,99.4908,-0.0091
44.19998232,99.5,99.4908,-0.0091
44.239982303999994,99.5,99.4908,-0.0091
44.279982288,99.5,99.4908,-0.0091
44.319982272,99.5,99.4908,-0.0091
44.359982255999995,99.5,99.4907,-0.0091
44.39998224,99.5,99.4907,-0.0092
44.439982224000005,99.5,99.4907,-0.0092
44.479982208,99.5,99.4907,-0.0092
44.519982192,99.5,99.4907,-0.0092
44.559982176,99.5,99.4907,-0.0092
44.59998216,99.5,99.4907,-0.0092
44.639982144,99.5,99.4907,-0.0092
44.679982128,99.5,99.4907,-0.0092
44.719982112,99.5,99.4906,-0.0093
44.759982095999995,99.5,99.4906,-0.0093
44.79998208,99.5,99.4906,-0.0093
44.839982064,99.5,99.4906,-0.0093
44.879982047999995,99.5,99.4905,-0.0094
44.919982032,99.5,99.4905,-0.0094
44.959982016000005,99.5,99.4905,-0.0094
44.999982,99.5,99.4905,-0.0094
45.039981984,99.5,99.4904,-0.0095
45.079981968,99.5,99.4904,-0.0095
45.119981951999996,99.5,99.4904,-0.0095
45.159981936,99.5,99.4904,-0.0095
45.19998192,99.5,99.4904,-0.0095
45.239981904,99.5,99.4903,-0.0096
45.279981887999995,99.5,99.4904,-0.0095
45.319981872,99.5,99.4903,-0.0096
45.359981856,99.5,99.4903,-0.0096
45.39998184,99.5,99.4903,-0.0096
45.439981824,99.5,99.4902,-0.0097
45.479981808,99.5,99.4902,-0.0097
45.519981792,99.5,99.4902,-0.0097
45.559981776,99.5,99.4901,-0.0098
45.59998176,99.5,99.4901,-0.0098
45.639981743999996,99.5,99.4901,-0.0098
45.679981728,99.5,99.4901,-0.0098
45.719981712,99.5,99.4901,-0.0098
45.759981696,99.5,99.4901,-0.0097
45.799981679999995,99.5,99.4901,-0.0097
45.839981664,99.5,99.4902,-0.0097
45.879981648,99.5,99.4901,-0.0097
45.919981632,99.5,99.4901,-0.0097
45.959981616,99.5,99.4901,-0.0098
45.9999816,99.5,99.4901,-0.0098
46.039981584,99.5,99.4902,-0.0097
46.079981568,99.5,99.4902,-0.0097
46.119981552,99.5,99.4902,-0.0097
46.159981536,99.5,99.4902,-0.0097
46.19998152,99.5,99.4902,-0.0096
46.239981504,99.5,99.4903,-0.0096
46.279981488,99.5,99.4903,-0.0096
46.319981471999995,99.5,99.4903,-0.0096
46.35998145599999,99.5,99.4903,-0.0096
46.399981440000005,99.5,99.4903,-0.0095
46.439981424,99.5,99.4904,-0.0095
46.479981408,99.5,99.4904,-0.0095
46.519981392,99.5,99.4905,-0.0094
46.559981376,99.5,99.4905,-0.0094
46.59998136,99.5,99.4905,-0.0094
46.639981344,99.5,99.4905,-0.0094
46.679981328,99.5,99.4905,-0.0094
46.719981311999994,99.5,99.4905,-0.0094
46.759981296,99.5,99.4905,-0.0094
46.79998128,99.5,99.4905,-0.0094
46.839981263999995,99.5,99.4905,-0.0094
46.879981248,99.5,99.4905,-0.0094
46.919981232000005,99.5,99.4905,-0.0094
46.959981216,99.5,99.4905,-0.0094
46.9999812,99.5,99.4906,-0.0093
47.039981184,99.5,99.4906,-0.0093
47.079981168,99.5,99.4906,-0.0093
47.119981152,99.5,99.4907,-0.0092
47.159981136,99.5,99.4907,-0.0092
47.19998112,99.5,99.4907,-0.0092
47.239981103999995,99.5,99.4907,-0.0092
47.279981088,99.5,99.4907,-0.0092
47.319981072,99.5,99.4907,-0.0092
47.359981055999995,99.5,99.4907,-0.0092
47.39998104,99.5,99.4907,-0.0092
47.439981024000005,99.5,99.4907,-0.0092
47.479981008,99.5,99.4908,-0.0091
47.519980992,99.5,99.4908,-0.0091
47.559980976,99.5,99.4909,-0.009
47.599980959999996,99.5,99.4909,-0.009
47.639980944,99.5,99.4909,-0.0089
47.679980928,99.5,99.491,-0.0089
47.719980912,99.5,99.491,-0.0089
47.759980895999995,99.5,99.491,-0.0089
47.79998088,99.5,99.491,-0.0089
47.839980864,99.5,99.491,-0.0088
47.879980848,99.5,99.4911,-0.0088
47.919980832,99.5,99.491,-0.0088
47.959980816,99.5,99.4911,-0.0088
47.9999808,99.5,99.4911,-0.0088
48.039980784,99.5,99.4911,-0.0088
48.079980768,99.5,99.4912,-0.0087
48.119980752,99.5,99.4911,-0.0088
48.159980736,99.5,99.4912,-0.0087
48.19998072,99.5,99.4912,-0.0087
48.239980704,99.5,99.4912,-0.0087
48.279980687999995,99.5,99.4912,-0.0087
48.319980672,99.5,99.4911,-0.0088
48.359980656000005,99.5,99.4911,-0.0088
48.39998064,99.5,99.4911,-0.0088
48.439980624,99.5,99.4911,-0.0088
48.479980608,99.5,99.4911,-0.0088
48.519980592,99.5,99.4911,-0.0088
48.559980576,99.5,99.4911,-0.0088
48.59998056,99.5,99.4911,-0.0088
48.639980544,99.5,99.4911,-0.0088
48.679980528,99.5,99.4911,-0.0088
48.719980512,99.5,99.491,-0.0088
48.759980496,99.5,99.491,-0.0089
48.799980479999995,99.5,99.491,-0.0089
48.83998046399999,99.5,99.491,-0.0089
48.879980448000005,99.5,99.4909,-0.009
48.919980432,99.5,99.4909,-0.0089
48.959980416,99.5,99.491,-0.0089
48.9999804,99.5,99.4909,-0.009
49.039980384,99.5,99.4909,-0.009
49.079980368,99.5,99.4909,-0.009
49.119980352,99.5,99.4908,-0.009
49.159980336,99.5,99.4909,-0.009
49.199980319999995,99.5,99.4908,-0.0091
49.239980304,99.5,99.4908,-0.0091
49.279980288,99.5,99.4908,-0.0091
49.319980271999995,99.5,99.4907,-0.0091
49.359980256,99.5,99.4907,-0.0092
49.399980240000005,99.5,99.4907,-0.0092
49.439980224,99.5,99.4906,-0.0093
49.479980208,99.5,99.4906,-0.0093
49.519980192,99.5,99.4906,-0.0093
49.559980176,99.5,99.4905,-0.0094
49.59998016,99.5,99.4905,-0.0094
49.639980144,99.5,99.4904,-0.0095
49.679980128,99.5,99.4903,-0.0096
49.719980111999995,99.5,99.4902,-0.0096
49.759980096,99.5,99.4902,-0.0096
49.79998008,99.5,99.4902,-0.0097
49.839980063999995,99.5,99.4901,-0.0097
49.879980048,99.5,99.4901,-0.0098
49.919980032000005,99.5,99.4901,-0.0098
49.959980016,99.5,99.4901,-0.0098
49.99998,99.5,99.4901,-0.0098
50.039979984,99.5,99.49,-0.0099
50.079979967999996,99.5,99.49,-0.0099
50.119979952,99.5,99.4899,-0.01
50.159979936,99.5,99.4899,-0.01
50.19997992,99.5,99.4898,-0.01
50.239979903999995,99.5,99.4898,-0.0101
50.279979888,99.5,99.4898,-0.0101
50.319979872,99.5,99.4897,-0.0102
50.359979856,99.5,99.4897,-0.0102
50.39997984,99.5,99.4896,-0.0103
50.439979824,99.5,99.4896,-0.0103
50.479979808,99.5,99.4896,-0.0103
50.519979792,99.5,99.4896,-0.0103
50.559979776,99.5,99.4896,-0.0103
50.59997976,99.5,99.4896,-0.0102
50.639979744,99.5,99.4896,-0.0103
50.679979728,99.5,99.4896,-0.0103
50.719979712,99.5,99.4895,-0.0104
50.759979695999995,99.5,99.4895,-0.0104
50.79997967999999,99.5,99.4895,-0.0104
50.839979664,99.5,99.4894,-0.0105
50.879979648,99.5,99.4893,-0.0106
50.919979632,99.5,99.4893,-0.0106
50.959979616,99.5,99.4893,-0.0106
50.9999796,99.5,99.4893,-0.0106
51.039979584,99.5,99.4893,-0.0106
51.079979568,99.5,99.4893,-0.0106
51.119979552,99.5,99.4893,-0.0106
51.159979536,99.5,99.4893,-0.0106
51.19997952,99.5,99.4893,-0.0106
51.239979504,99.5,99.4893,-0.0106
51.279979487999995,99.5,99.4893,-0.0106
51.31997947199999,99.5,99.4893,-0.0106
51.359979456000005,99.5,99.4893,-0.0106
51.39997944,99.5,99.4893,-0.0106
51.439979424,99.5,99.4893,-0.0106
51.479979408,99.5,99.4893,-0.0106
51.519979392,99.5,99.4893,-0.0106
51.559979376,99.5,99.4893,-0.0106
51.59997936,99.5,99.4893,-0.0106
51.639979344,99.5,99.4893,-0.0106
51.679979327999995,99.5,99.4893,-0.0106
51.719979312,99.5,99.4893,-0.0106
51.759979296,99.5,99.4893,-0.0106
51.799979279999995,99.5,99.4892,-0.0107
51.839979264,99.5,99.4892,-0.0107
51.879979248000005,99.5,99.4892,-0.0107
51.919979232,99.5,99.4892,-0.0107
51.959979216,99.5,99.4892,-0.0106
51.9999792,99.5,99.4892,-0.0106
52.039979183999996,99.5,99.4892,-0.0107
52.079979168,99.5,99.4892,-0.0107
52.119979152,99.5,99.4891,-0.0107
52.159979136,99.5,99.4891,-0.0108
52.199979119999995,99.5,99.4891,-0.0108
52.239979104,99.5,99.4891,-0.0108
52.279979088,99.5,99.4891,-0.0108
52.319979071999995,99.5,99.4891,-0.0108
52.359979056,99.5,99.489,-0.0109
52.399979040000005,99.5,99.489,-0.0109
52.439979024,99.5,99.489,-0.0109
52.479979008,99.5,99.489,-0.0109
52.519978992,99.5,99.4889,-0.0109
52.559978976,99.5,99.4889,-0.011
52.59997896,99.5,99.4889,-0.011
52.639978944,99.5,99.4889,-0.011
52.679978928,99.5,99.4889,-0.011
52.719978911999995,99.5,99.4888,-0.0111
52.759978896,99.5,99.4889,-0.011
52.79997888,99.5,99.4889,-0.011
52.839978864,99.5,99.4888,-0.0111
52.879978848,99.5,99.4889,-0.011
52.919978832,99.5,99.4888,-0.0111
52.959978816,99.5,99.4888,-0.0111
52.9999788,99.5,99.4888,-0.0111
53.039978784,99.5,99.4888,-0.0111
53.079978768,99.5,99.4887,-0.0112
53.119978752,99.5,99.4887,-0.0112
53.159978736,99.5,99.4886,-0.0112
53.19997872,99.5,99.4886,-0.0113
53.239978703999995,99.5,99.4885,-0.0113
53.27997868799999,99.5,99.4886,-0.0113
53.319978672000005,99.5,99.4886,-0.0113
53.359978656,99.5,99.4885,-0.0114
53.39997864,99.5,99.4885,-0.0114
53.439978624,99.5,99.4884,-0.0115
53.479978608,99.5,99.4884,-0.0115
53.519978592,99.5,99.4884,-0.0115
53.559978576,99.5,99.4883,-0.0115
53.59997856,99.5,99.4884,-0.0115
53.639978544,99.5,99.4883,-0.0116
53.679978528,99.5,99.4883,-0.0116
53.719978512,99.5,99.4883,-0.0116
53.759978495999995,99.5,99.4883,-0.0116
53.79997847999999,99.5,99.4882,-0.0117
53.839978464000005,99.5,99.4881,-0.0118
53.879978448,99.5,99.4881,-0.0118
53.919978432,99.5,99.4881,-0.0118
53.959978416,99.5,99.4881,-0.0118
53.9999784,99.5,99.4881,-0.0118
54.039978384,99.5,99.4881,-0.0118
54.079978368,99.5,99.4881,-0.0118
54.119978352,99.5,99.4881,-0.0118
54.159978335999995,99.5,99.488,-0.0119
54.19997832,99.5,99.488,-0.0119
54.239978304,99.5,99.4879,-0.012
54.279978287999995,99.5,99.4879,-0.012
54.319978272,99.5,99.4879,-0.012
54.359978256000005,99.5,99.4878,-0.012
54.39997824,99.5,99.4879,-0.012
54.439978224,99.5,99.4878,-0.012
54.479978208,99.5,99.4878,-0.0121
54.519978191999996,99.5,99.4878,-0.0121
54.559978176,99.5,99.4877,-0.0121
54.59997816,99.5,99.4878,-0.0121
54.639978144,99.5,99.4877,-0.0122
54.679978127999995,99.5,99.4877,-0.0121
54.719978112,99.5,99.4877,-0.0121
54.759978096,99.5,99.4877,-0.0122
54.799978079999995,99.5,99.4877,-0.0121
54.839978064,99.5,99.4877,-0.0122
54.879978048000005,99.5,99.4877,-0.0122
54.919978032,99.5,99.4877,-0.0122
54.959978016,99.5,99.4877,-0.0122
54.999978,99.5,99.4877,-0.0122
55.039977984,99.5,99.4876,-0.0122
55.079977968,99.5,99.4877,-0.0122
55.119977952,99.5,99.4876,-0.0123
55.159977936,99.5,99.4876,-0.0123
55.199977919999995,99.5,99.4876,-0.0123
55.239977904,99.5,99.4876,-0.0123
55.279977888,99.5,99.4876,-0.0123
55.319977872,99.5,99.4876,-0.0123
55.359977856,99.5,99.4876,-0.0123
55.39997784,99.5,99.4876,-0.0123
55.439977824,99.5,99.4876,-0.0123
55.479977808,99.5,99.4876,-0.0123
55.519977792,99.5,99.4876,-0.0123
55.559977776,99.5,99.4876,-0.0123
55.59997776,99.5,99.4877,-0.0122
55.639977744,99.5,99.4876,-0.0122
55.679977728,99.5,99.4877,-0.0122
55.719977711999995,99.5,99.4877,-0.0122
55.75997769599999,99.5,99.4877,-0.0122
55.79997768,99.5,99.4877,-0.0122
55.839977664,99.5,99.4877,-0.0122
55.879977648,99.5,99.4877,-0.0122
55.919977632,99.5,99.4878,-0.0121
55.959977616,99.5,99.4877,-0.0122
55.9999776,99.5,99.4877,-0.0121
56.039977584,99.5,99.4877,-0.0122
56.079977568,99.5,99.4877,-0.0122
56.119977551999995,99.5,99.4878,-0.0121
56.159977536,99.5,99.4878,-0.0121
56.19997752,99.5,99.4879,-0.012
56.239977503999995,99.5,99.4879,-0.012
56.27997748799999,99.5,99.4879,-0.012
56.319977472000005,99.5,99.4879,-0.012
56.359977456,99.5,99.4879,-0.012
56.39997744,99.5,99.488,-0.0119
56.439977424,99.5,99.488,-0.0119
56.479977408,99.5,99.488,-0.0119
56.519977392,99.5,99.488,-0.0119
56.559977376,99.5,99.488,-0.0118
56.59997736,99.5,99.4881,-0.0118
56.639977343999995,99.5,99.4881,-0.0118
56.679977328,99.5,99.4881,-0.0118
56.719977312,99.5,99.4882,-0.0117
56.759977295999995,99.5,99.4882,-0.0117
56.79997728,99.5,99.4882,-0.0116
56.839977264000005,99.5,99.4882,-0.0117
56.879977248,99.5,99.4882,-0.0116
56.919977232,99.5,99.4882,-0.0116
56.959977216,99.5,99.4882,-0.0117
56.9999772,99.5,99.4883,-0.0116
57.039977184,99.5,99.4883,-0.0116
57.079977168,99.5,99.4883,-0.0116
57.119977152,99.5,99.4883,-0.0115
57.159977135999995,99.5,99.4884,-0.0115
57.19997712,99.5,99.4884,-0.0115
57.239977104,99.5,99.4884,-0.0115
57.279977087999995,99.5,99.4884,-0.0115
57.319977072,99.5,99.4884,-0.0115
57.359977056,99.5,99.4884,-0.0115
57.39997704,99.5,99.4884,-0.0114
57.439977024,99.5,99.4884,-0.0114
57.479977008,99.5,99.4885,-0.0114
57.519976992,99.5,99.4885,-0.0114
57.559976976,99.5,99.4884,-0.0114
57.59997696,99.5,99.4884,-0.0115
57.639976944,99.5,99.4884,-0.0115
57.679976927999995,99.5,99.4884,-0.0115
57.719976912,99.5,99.4884,-0.0114
57.759976896,99.5,99.4885,-0.0114
57.79997688,99.5,99.4884,-0.0114
57.839976864,99.5,99.4885,-0.0114
57.879976848,99.5,99.4885,-0.0114
57.919976832,99.5,99.4885,-0.0114
57.959976816,99.5,99.4885,-0.0114
57.9999768,99.5,99.4885,-0.0114
58.039976784,99.5,99.4885,-0.0113
58.079976768,99.5,99.4885,-0.0113
58.119976752,99.5,99.4885,-0.0114
58.159976736,99.5,99.4886,-0.0113
58.199976719999995,99.5,99.4886,-0.0113
58.23997670399999,99.5,99.4886,-0.0113
58.279976688000005,99.5,99.4886,-0.0112
58.319976672,99.5,99.4887,-0.0112
58.359976656,99.5,99.4887,-0.0112
58.39997664,99.5,99.4887,-0.0112
58.439976624,99.5,99.4887,-0.0112
58.479976608,99.5,99.4887,-0.0112
58.519976592,99.5,99.4886,-0.0112
58.559976576,99.5,99.4887,-0.0112
58.599976559999995,99.5,99.4887,-0.0112
58.639976544,99.5,99.4887,-0.0112
58.679976528,99.5,99.4887,-0.0112
58.719976511999995,99.5,99.4887,-0.0112
58.75997649599999,99.5,99.4887,-0.0112
58.799976480000005,99.5,99.4886,-0.0112
58.839976464,99.5,99.4886,-0.0112
58.879976448,99.5,99.4886,-0.0112
58.919976432,99.5,99.4886,-0.0112
58.959976416,99.5,99.4887,-0.0112
58.9999764,99.5,99.4887,-0.0112
59.039976384,99.5,99.4887,-0.0112
59.079976368,99.5,99.4887,-0.0112
59.119976351999995,99.5,99.4887,-0.0112
59.159976336,99.5,99.4887,-0.0112
59.19997632,99.5,99.4887,-0.0112
59.239976303999995,99.5,99.4887,-0.0112
59.279976288,99.5,99.4887,-0.0112
59.319976272000005,99.5,99.4887,-0.0112
59.359976256,99.5,99.4887,-0.0112
59.39997624,99.5,99.4887,-0.0112
59.439976224,99.5,99.4887,-0.0112
59.479976208,99.5,99.4887,-0.0112
59.519976192,99.5,99.4887,-0.0111
59.559976176,99.5,99.4888,-0.0111
59.59997616,99.5,99.4887,-0.0112
59.639976143999995,99.5,99.4887,-0.0112
59.679976128,99.5,99.4887,-0.0112
59.719976112,99.5,99.4887,-0.0112
59.759976095999995,99.5,99.4888,-0.0111
59.79997608,99.5,99.4888,-0.0111
59.839976064,99.5,99.4888,-0.0111
59.879976048,99.5,99.4888,-0.0111
59.919976032,99.5,99.4887,-0.0112
59.959976016,99.5,99.4887,-0.0111
59.999976,99.5,99.4887,-0.0112
60.039975984,99.5,99.4887,-0.0112
60.079975968,99.5,99.4887,-0.0112
60.119975952,99.5,99.4887,-0.0112
60.159975935999995,99.5,99.4887,-0.0112
60.19997592,99.5,99.4887,-0.0112
60.239975904,99.5,99.4887,-0.0112
60.279975888,99.5,99.4888,-0.0111
60.319975872,99.5,99.4887,-0.0112
60.359975856,99.5,99.4887,-0.0112
60.39997584,99.5,99.4888,-0.0111
60.439975824,99.5,99.4888,-0.0111
60.479975808,99.5,99.4888,-0.0111
60.519975792,99.5,99.4888,-0.0111
60.559975776,99.5,99.4888,-0.0111
60.59997576,99.5,99.4888,-0.0111
60.639975744,99.5,99.4888,-0.0111
60.679975727999995,99.5,99.4888,-0.0111
60.71997571199999,99.5,99.4888,-0.011
60.759975696,99.5,99.4889,-0.011
60.79997568,99.5,99.4889,-0.011
60.839975664,99.5,99.489,-0.0109
60.879975648,99.5,99.489,-0.0109
60.919975632,99.5,99.4891,-0.0108
60.959975616,99.5,99.4891,-0.0108
60.9999756,99.5,99.4891,-0.0108
61.039975584,99.5,99.4891,-0.0108
61.079975567999995,99.5,99.4891,-0.0108
61.119975552,99.5,99.4891,-0.0108
61.159975536,99.5,99.4891,-0.0108
61.199975519999995,99.5,99.4891,-0.0108
61.23997550399999,99.5,99.4891,-0.0107
61.279975488000005,99.5,99.4892,-0.0107
61.319975472,99.5,99.4892,-0.0107
61.359975456,99.5,99.4892,-0.0107
61.39997544,99.5,99.4892,-0.0107
61.439975424,99.5,99.4892,-0.0107
61.479975408,99.5,99.4892,-0.0107
61.519975392,99.5,99.4893,-0.0106
61.559975376,99.5,99.4893,-0.0106
61.599975359999995,99.5,99.4893,-0.0106
61.639975344,99.5,99.4893,-0.0106
61.679975328,99.5,99.4893,-0.0106
61.719975311999995,99.5,99.4894,-0.0105
61.759975296,99.5,99.4893,-0.0106
61.799975280000005,99.5,99.4894,-0.0105
61.839975264,99.5,99.4895,-0.0104
61.879975248,99.5,99.4895,-0.0104
61.919975232,99.5,99.4895,-0.0104
61.959975216,99.5,99.4895,-0.0104
61.9999752,99.5,99.4895,-0.0103
62.039975184,99.5,99.4895,-0.0103
62.079975168,99.5,99.4896,-0.0103
62.119975151999995,99.5,99.4896,-0.0103
62.159975136,99.5,99.4896,-0.0103
62.19997512,99.5,99.4896,-0.0102
62.239975103999996,99.5,99.4896,-0.0102
62.279975088,99.5,99.4897,-0.0102
62.319975072,99.5,99.4897,-0.0102
62.359975056,99.5,99.4898,-0.0101
62.39997504,99.5,99.4898,-0.0101
62.439975024,99.5,99.4898,-0.0101
62.479975008,99.5,99.4898,-0.0101
62.519974992,99.5,99.4898,-0.01
62.55997497599999,99.5,99.4898,-0.01
62.59997496,99.5,99.4899,-0.01
62.639974944,99.5,99.4899,-0.01
62.67997492799999,99.5,99.4899,-0.01
62.719974912,99.5,99.4899,-0.01
62.759974895999996,99.5,99.49,-0.0099
62.79997488,99.5,99.49,-0.0099
62.839974864000006,99.5,99.4901,-0.0098
62.879974847999996,99.5,99.4901,-0.0098
62.919974832,99.5,99.4901,-0.0098
62.959974816000006,99.5,99.4901,-0.0098
62.9999748,99.5,99.4901,-0.0097
63.039974784,99.5,99.4902,-0.0097
63.07997476799999,99.5,99.4902,-0.0097
63.119974752,99.5,99.4902,-0.0097
63.159974736,99.5,99.4903,-0.0096
63.19997471999999,99.5,99.4903,-0.0096
63.239974704000005,99.5,99.4904,-0.0095
63.279974687999996,99.5,99.4904,-0.0095
63.319974672,99.5,99.4904,-0.0095
63.359974656000006,99.5,99.4904,-0.0095
63.399974639999996,99.5,99.4904,-0.0095
63.439974624,99.5,99.4905,-0.0094
63.479974608000006,99.5,99.4905,-0.0094
63.519974592,99.5,99.4905,-0.0094
63.559974576,99.5,99.4905,-0.0094
63.59997455999999,99.5,99.4905,-0.0094
63.639974544,99.5,99.4905,-0.0094
63.679974528,99.5,99.4905,-0.0094
63.71997451199999,99.5,99.4905,-0.0094
63.759974496000005,99.5,99.4905,-0.0094
63.799974479999996,99.5,99.4905,-0.0094
63.839974464,99.5,99.4905,-0.0094
63.879974448000006,99.5,99.4906,-0.0093
63.919974432,99.5,99.4905,-0.0094
63.959974416,99.5,99.4905,-0.0094
63.99997439999999,99.5,99.4905,-0.0094
64.039974384,99.5,99.4905,-0.0094
64.07997436800001,99.5,99.4905,-0.0094
64.119974352,99.5,99.4905,-0.0094
64.159974336,99.5,99.4905,-0.0094
64.19997432000001,99.5,99.4905,-0.0094
64.239974304,99.5,99.4904,-0.0095
64.279974288,99.5,99.4904,-0.0095
64.319974272,99.5,99.4905,-0.0094
64.359974256,99.5,99.4905,-0.0094
64.39997424,99.5,99.4905,-0.0094
64.439974224,99.5,99.4904,-0.0095
64.479974208,99.5,99.4904,-0.0095
64.51997419199999,99.5,99.4904,-0.0095
64.559974176,99.5,99.4904,-0.0095
64.59997416,99.5,99.4904,-0.0095
64.63997414399999,99.5,99.4904,-0.0095
64.679974128,99.5,99.4904,-0.0095
64.71997411199999,99.5,99.4904,-0.0095
64.759974096,99.5,99.4904,-0.0095
64.79997408,99.5,99.4904,-0.0095
64.83997406399999,99.5,99.4904,-0.0095
64.879974048,99.5,99.4904,-0.0095
64.919974032,99.5,99.4905,-0.0094
64.95997401599999,99.5,99.4905,-0.0094
64.99997400000001,99.5,99.4905,-0.0094
65.039973984,99.5,99.4904,-0.0095
65.079973968,99.5,99.4905,-0.0094
65.11997395200001,99.5,99.4905,-0.0094
65.159973936,99.5,99.4905,-0.0094
65.19997392,99.5,99.4905,-0.0094
65.239973904,99.5,99.4905,-0.0094
65.279973888,99.5,99.4905,-0.0094
65.319973872,99.5,99.4905,-0.0094
65.359973856,99.5,99.4905,-0.0094
65.39997384,99.5,99.4905,-0.0094
65.439973824,99.5,99.4905,-0.0094
65.479973808,99.5,99.4905,-0.0094
65.519973792,99.5,99.4905,-0.0094
65.55997377599999,99.5,99.4905,-0.0094
65.59997376,99.5,99.4905,-0.0094
65.639973744,99.5,99.4905,-0.0094
65.679973728,99.5,99.4906,-0.0093
65.719973712,99.5,99.4905,-0.0094
65.75997369599999,99.5,99.4905,-0.0094
65.79997368,99.5,99.4905,-0.0094
65.839973664,99.5,99.4906,-0.0093
65.87997364799999,99.5,99.4905,-0.0094
65.919973632,99.5,99.4906,-0.0093
65.959973616,99.5,99.4906,-0.0093
65.9999736,99.5,99.4906,-0.0093
66.03997358400001,99.5,99.4905,-0.0094
66.079973568,99.5,99.4905,-0.0094
66.119973552,99.5,99.4906,-0.0093
66.15997353600001,99.5,99.4906,-0.0093
66.19997352,99.5,99.4906,-0.0093
66.239973504,99.5,99.4906,-0.0093
66.279973488,99.5,99.4906,-0.0093
66.319973472,99.5,99.4906,-0.0093
66.359973456,99.5,99.4906,-0.0093
66.39997344,99.5,99.4905,-0.0094
66.439973424,99.5,99.4905,-0.0094
66.47997340799999,99.5,99.4905,-0.0094
66.519973392,99.5,99.4906,-0.0093
66.559973376,99.5,99.4906,-0.0093
66.59997335999999,99.5,99.4906,-0.0093
66.639973344,99.5,99.4906,-0.0093
66.679973328,99.5,99.4906,-0.0093
66.719973312,99.5,99.4906,-0.0093
66.759973296,99.5,99.4906,-0.0093
66.79997327999999,99.5,99.4907,-0.0092
66.839973264,99.5,99.4907,-0.0092
66.879973248,99.5,99.4907,-0.0092
66.91997323199999,99.5,99.4907,-0.0092
66.95997321600001,99.5,99.4908,-0.0091
66.9999732,99.5,99.4908,-0.0091
67.039973184,99.5,99.4908,-0.0091
67.07997316800001,99.5,99.4908,-0.0091
67.119973152,99.5,99.4908,-0.0091
67.159973136,99.5,99.4908,-0.0091
67.19997312,99.5,99.4908,-0.0091
67.239973104,99.5,99.4908,-0.0091
67.279973088,99.5,99.4908,-0.0091
67.319973072,99.5,99.4908,-0.0091
67.359973056,99.5,99.4909,-0.009
67.39997304,99.5,99.4908,-0.0091
67.439973024,99.5,99.4909,-0.009
67.479973008,99.5,99.4909,-0.009
67.51997299199999,99.5,99.4909,-0.009
67.559972976,99.5,99.4909,-0.009
67.59997296,99.5,99.4909,-0.009
67.639972944,99.5,99.4909,-0.009
67.679972928,99.5,99.4909,-0.009
67.71997291199999,99.5,99.4909,-0.009
67.759972896,99.5,99.4909,-0.0089
67.79997288,99.5,99.4909,-0.009
67.83997286399999,99.5,99.491,-0.0089
67.879972848,99.5,99.491,-0.0089
67.919972832,99.5,99.4909,-0.009
67.959972816,99.5,99.4909,-0.009
67.99997280000001,99.5,99.4909,-0.009
68.039972784,99.5,99.4909,-0.009
68.079972768,99.5,99.4909,-0.009
68.11997275200001,99.5,99.4908,-0.0091
68.159972736,99.5,99.4909,-0.009
68.19997272,99.5,99.4909,-0.009
68.239972704,99.5,99.4909,-0.009
68.279972688,99.5,99.4908,-0.0091
68.319972672,99.5,99.4908,-0.0091
68.359972656,99.5,99.4908,-0.0091
68.39997264,99.5,99.4908,-0.0091
68.43997262399999,99.5,99.4907,-0.0092
68.479972608,99.5,99.4908,-0.0091
68.519972592,99.5,99.4908,-0.0091
68.55997257599999,99.5,99.4907,-0.0091
68.59997256,99.5,99.4907,-0.0092
68.639972544,99.5,99.4907,-0.0092
68.679972528,99.5,99.4907,-0.0092
68.719972512,99.5,99.4906,-0.0093
68.75997249599999,99.5,99.4906,-0.0093
68.79997248,99.5,99.4905,-0.0094
68.839972464,99.5,99.4905,-0.0094
68.87997244799999,99.5,99.4904,-0.0095
68.919972432,99.5,99.4905,-0.0094
68.959972416,99.5,99.4904,-0.0095
68.9999724,99.5,99.4904,-0.0095
69.03997238400001,99.5,99.4903,-0.0096
69.079972368,99.5,99.4903,-0.0096
69.119972352,99.5,99.4902,-0.0097
69.15997233600001,99.5,99.4902,-0.0097
69.19997232,99.5,99.4901,-0.0097
69.239972304,99.5,99.4902,-0.0097
69.279972288,99.5,99.4901,-0.0098
69.319972272,99.5,99.49,-0.0099
69.359972256,99.5,99.4899,-0.01
69.39997224,99.5,99.4899,-0.01
69.439972224,99.5,99.4898,-0.01
69.47997220799999,99.5,99.4898,-0.0101
69.519972192,99.5,99.4898,-0.0101
69.559972176,99.5,99.4898,-0.0101
69.59997216,99.5,99.4898,-0.0101
69.639972144,99.5,99.4897,-0.0102
69.67997212799999,99.5,99.4897,-0.0102
69.719972112,99.5,99.4897,-0.0102
69.759972096,99.5,99.4896,-0.0103
69.79997207999999,99.5,99.4896,-0.0103
69.839972064,99.5,99.4896,-0.0103
69.879972048,99.5,99.4895,-0.0103
69.91997203199999,99.5,99.4895,-0.0104
69.95997201600001,99.5,99.4895,-0.0104
69.999972,99.5,99.4895,-0.0104
70.039971984,99.5,99.4895,-0.0104
70.07997196800001,99.5,99.4893,-0.0105
70.119971952,99.5,99.4893,-0.0106
70.159971936,99.5,99.4892,-0.0107
70.19997192,99.5,99.4892,-0.0107
70.239971904,99.5,99.4892,-0.0107
70.279971888,99.5,99.4891,-0.0108
70.319971872,99.5,99.4891,-0.0108
70.359971856,99.5,99.4891,-0.0108
70.39997184,99.5,99.489,-0.0109
70.439971824,99.5,99.489,-0.0109
70.479971808,99.5,99.489,-0.0109
70.51997179199999,99.5,99.489,-0.0109
70.559971776,99.5,99.4889,-0.011
70.59997176,99.5,99.4889,-0.011
70.639971744,99.5,99.4889,-0.011
70.679971728,99.5,99.4888,-0.0111
70.71997171199999,99.5,99.4888,-0.0111
70.759971696,99.5,99.4888,-0.0111
70.79997168,99.5,99.4888,-0.0111
70.83997166399999,99.5,99.4888,-0.0111
70.879971648,99.5,99.4888,-0.0111
70.919971632,99.5,99.4888,-0.0111
70.959971616,99.5,99.4887,-0.0111
70.99997160000001,99.5,99.4887,-0.0112
71.039971584,99.5,99.4887,-0.0112
71.079971568,99.5,99.4887,-0.0112
71.11997155200001,99.5,99.4887,-0.0112
71.159971536,99.5,99.4887,-0.0112
71.19997152,99.5,99.4887,-0.0112
71.239971504,99.5,99.4887,-0.0112
71.279971488,99.5,99.4887,-0.0112
71.319971472,99.5,99.4887,-0.0112
71.359971456,99.5,99.4886,-0.0113
71.39997144,99.5,99.4886,-0.0113
71.43997142399999,99.5,99.4886,-0.0113
71.479971408,99.5,99.4886,-0.0113
71.519971392,99.5,99.4886,-0.0113
71.559971376,99.5,99.4886,-0.0113
71.59997136,99.5,99.4885,-0.0113
71.639971344,99.5,99.4886,-0.0113
71.679971328,99.5,99.4885,-0.0114
71.719971312,99.5,99.4885,-0.0114
71.75997129599999,99.5,99.4885,-0.0114
71.79997128,99.5,99.4885,-0.0114
71.839971264,99.5,99.4885,-0.0114
71.87997124799999,99.5,99.4885,-0.0114
71.919971232,99.5,99.4885,-0.0114
71.959971216,99.5,99.4885,-0.0114
71.9999712,99.5,99.4885,-0.0114
72.03997118400001,99.5,99.4885,-0.0114
72.079971168,99.5,99.4885,-0.0114
72.119971152,99.5,99.4884,-0.0115
72.159971136,99.5,99.4884,-0.0114
72.19997112,99.5,99.4884,-0.0115
72.239971104,99.5,99.4884,-0.0114
72.279971088,99.5,99.4885,-0.0114
72.319971072,99.5,99.4885,-0.0114
72.359971056,99.5,99.4885,-0.0114
72.39997104,99.5,99.4886,-0.0113
72.439971024,99.5,99.4886,-0.0113
72.47997100799999,99.5,99.4886,-0.0113
72.519970992,99.5,99.4886,-0.0113
72.559970976,99.5,99.4887,-0.0112
72.59997096,99.5,99.4887,-0.0112
72.639970944,99.5,99.4887,-0.0112
72.67997092799999,99.5,99.4887,-0.0112
72.719970912,99.5,99.4886,-0.0112
72.759970896,99.5,99.4886,-0.0112
72.79997087999999,99.5,99.4887,-0.0112
72.839970864,99.5,99.4887,-0.0112
72.879970848,99.5,99.4887,-0.0112
72.919970832,99.5,99.4887,-0.0112
72.95997081600001,99.5,99.4887,-0.0112
72.9999708,99.5,99.4887,-0.0112
73.039970784,99.5,99.4887,-0.0112
73.07997076800001,99.5,99.4887,-0.0112
73.119970752,99.5,99.4887,-0.0112
73.159970736,99.5,99.4887,-0.0112
73.19997072,99.5,99.4887,-0.0112
73.239970704,99.5,99.4887,-0.0112
73.279970688,99.5,99.4887,-0.0112
73.319970672,99.5,99.4887,-0.0112
73.359970656,99.5,99.4887,-0.0112
73.39997063999999,99.5,99.4887,-0.0112
73.439970624,99.5,99.4886,-0.0112
73.479970608,99.5,99.4887,-0.0112
73.51997059199999,99.5,99.4886,-0.0112
73.559970576,99.5,99.4886,-0.0112
73.59997056,99.5,99.4887,-0.0112
73.639970544,99.5,99.4887,-0.0112
73.679970528,99.5,99.4886,-0.0112
73.71997051199999,99.5,99.4886,-0.0113
73.759970496,99.5,99.4886,-0.0113
73.79997048,99.5,99.4886,-0.0113
73.83997046399999,99.5,99.4886,-0.0113
73.879970448,99.5,99.4886,-0.0113
73.919970432,99.5,99.4885,-0.0114
73.959970416,99.5,99.4885,-0.0113
73.99997040000001,99.5,99.4885,-0.0114
74.039970384,99.5,99.4885,-0.0114
74.079970368,99.5,99.4885,-0.0114
74.11997035200001,99.5,99.4885,-0.0114
74.159970336,99.5,99.4885,-0.0114
74.19997032,99.5,99.4885,-0.0114
74.239970304,99.5,99.4885,-0.0114
74.279970288,99.5,99.4885,-0.0114
74.319970272,99.5,99.4885,-0.0114
74.359970256,99.5,99.4885,-0.0114
74.39997024,99.5,99.4885,-0.0114
74.43997022399999,99.5,99.4885,-0.0114
74.479970208,99.5,99.4885,-0.0114
74.519970192,99.5,99.4885,-0.0114
74.559970176,99.5,99.4885,-0.0114
74.59997016,99.5,99.4885,-0.0114
74.63997014399999,99.5,99.4885,-0.0114
74.679970128,99.5,99.4884,-0.0114
74.719970112,99.5,99.4884,-0.0114
74.75997009599999,99.5,99.4884,-0.0114
74.79997008,99.5,99.4884,-0.0115
74.839970064,99.5,99.4884,-0.0115
74.87997004799999,99.5,99.4883,-0.0116
74.91997003200001,99.5,99.4883,-0.0116
74.959970016,99.5,99.4882,-0.0116
74.99997,99.5,99.4882,-0.0117
75.03996998400001,99.5,99.4882,-0.0117
75.079969968,99.5,99.4881,-0.0118
75.119969952,99.5,99.4881,-0.0118
75.159969936,99.5,99.4881,-0.0118
75.19996992,99.5,99.488,-0.0119
75.239969904,99.5,99.488,-0.0119
75.279969888,99.5,99.488,-0.0119
75.319969872,99.5,99.488,-0.0119
75.359969856,99.5,99.488,-0.0119
75.39996984,99.5,99.4879,-0.012
75.439969824,99.5,99.4879,-0.012
75.47996980799999,99.5,99.4878,-0.0121
75.519969792,99.5,99.4878,-0.0121
75.559969776,99.5,99.4877,-0.0121
75.59996976,99.5,99.4877,-0.0122
75.639969744,99.5,99.4877,-0.0122
75.67996972799999,99.5,99.4876,-0.0122
75.719969712,99.5,99.4876,-0.0122
75.759969696,99.5,99.4876,-0.0123
75.79996967999999,99.5,99.4875,-0.0123
75.839969664,99.5,99.4875,-0.0124
75.879969648,99.5,99.4875,-0.0124
75.919969632,99.5,99.4875,-0.0124
75.95996961600001,99.5,99.4875,-0.0124
75.9999696,99.5,99.4875,-0.0124
76.039969584,99.5,99.4875,-0.0124
76.07996956800001,99.5,99.4875,-0.0124
76.119969552,99.5,99.4874,-0.0125
76.159969536,99.5,99.4873,-0.0125
76.19996952,99.5,99.4873,-0.0126
76.239969504,99.5,99.4873,-0.0126
76.279969488,99.5,99.4872,-0.0127
76.319969472,99.5,99.4872,-0.0127
76.359969456,99.5,99.4871,-0.0128
76.39996943999999,99.5,99.4871,-0.0128
76.439969424,99.5,99.4871,-0.0128
76.479969408,99.5,99.4871,-0.0128
76.519969392,99.5,99.4871,-0.0128
76.559969376,99.5,99.4871,-0.0127
76.59996935999999,99.5,99.4871,-0.0128
76.639969344,99.5,99.4871,-0.0128
76.679969328,99.5,99.4871,-0.0128
76.71996931199999,99.5,99.4872,-0.0127
76.759969296,99.5,99.4872,-0.0127
76.79996928,99.5,99.4872,-0.0127
76.83996926399999,99.5,99.4872,-0.0127
76.87996924800001,99.5,99.4872,-0.0127
76.919969232,99.5,99.4872,-0.0127
76.959969216,99.5,99.4872,-0.0127
76.99996920000001,99.5,99.4872,-0.0127
77.039969184,99.5,99.4872,-0.0127
77.079969168,99.5,99.4872,-0.0127
77.119969152,99.5,99.4873,-0.0126
77.159969136,99.5,99.4872,-0.0127
77.19996912,99.5,99.4872,-0.0127
77.239969104,99.5,99.4872,-0.0127
77.279969088,99.5,99.4872,-0.0127
77.319969072,99.5,99.4872,-0.0127
77.359969056,99.5,99.4872,-0.0127
77.39996904,99.5,99.4872,-0.0127
77.43996902399999,99.5,99.4872,-0.0127
77.479969008,99.5,99.4872,-0.0127
77.519968992,99.5,99.4872,-0.0127
77.559968976,99.5,99.4872,-0.0127
77.59996896,99.5,99.4872,-0.0127
77.63996894399999,99.5,99.4872,-0.0127
77.679968928,99.5,99.4871,-0.0127
77.719968912,99.5,99.4872,-0.0127
77.75996889599999,99.5,99.4871,-0.0127
77.79996888,99.5,99.4872,-0.0127
77.83996886399999,99.5,99.4872,-0.0127
77.879968848,99.5,99.4873,-0.0126
77.91996883200001,99.5,99.4873,-0.0126
77.959968816,99.5,99.4873,-0.0126
77.9999688,99.5,99.4873,-0.0126
78.03996878400001,99.5,99.4874,-0.0125
78.079968768,99.5,99.4874,-0.0125
78.119968752,99.5,99.4875,-0.0124
78.159968736,99.5,99.4874,-0.0125
78.19996872,99.5,99.4875,-0.0124
78.239968704,99.5,99.4875,-0.0124
78.279968688,99.5,99.4876,-0.0123
78.319968672,99.5,99.4876,-0.0123
78.35996865599999,99.5,99.4876,-0.0123
78.39996864,99.5,99.4877,-0.0122
78.439968624,99.5,99.4877,-0.0121
78.479968608,99.5,99.4877,-0.0121
78.519968592,99.5,99.4878,-0.0121
78.559968576,99.5,99.4878,-0.0121
78.59996856,99.5,99.4879,-0.012
78.639968544,99.5,99.488,-0.0119
78.67996852799999,99.5,99.488,-0.0119
78.719968512,99.5,99.488,-0.0119
78.759968496,99.5,99.488,-0.0119
78.79996847999999,99.5,99.4881,-0.0118
78.839968464,99.5,99.4881,-0.0118
78.879968448,99.5,99.4881,-0.0118
78.919968432,99.5,99.4881,-0.0117
78.95996841600001,99.5,99.4881,-0.0118
78.9999684,99.5,99.4881,-0.0117
79.039968384,99.5,99.4882,-0.0117
79.079968368,99.5,99.4881,-0.0117
79.119968352,99.5,99.4882,-0.0117
79.159968336,99.5,99.4881,-0.0118
79.19996832,99.5,99.4881,-0.0118
79.239968304,99.5,99.4881,-0.0118
79.279968288,99.5,99.4881,-0.0118
79.319968272,99.5,99.4882,-0.0117
79.359968256,99.5,99.4882,-0.0117
79.39996823999999,99.5,99.4882,-0.0116
79.439968224,99.5,99.4883,-0.0116
79.479968208,99.5,99.4883,-0.0116
79.519968192,99.5,99.4884,-0.0115
79.559968176,99.5,99.4884,-0.0115
79.59996815999999,99.5,99.4884,-0.0115
79.639968144,99.5,99.4884,-0.0114
79.679968128,99.5,99.4884,-0.0115
79.71996811199999,99.5,99.4885,-0.0114
79.759968096,99.5,99.4885,-0.0114
79.79996808,99.5,99.4885,-0.0114
79.83996806399999,99.5,99.4885,-0.0114
79.87996804800001,99.5,99.4885,-0.0114
79.919968032,99.5,99.4886,-0.0113
79.959968016,99.5,99.4886,-0.0113
79.99996800000001,100.5,99.4885,-1.0114
80.039967984,100.5,99.4885,-1.0114
80.079967968,100.5,99.4885,-1.0114
80.119967952,100.5,99.4885,-1.0114
80.159967936,100.5,99.4885,-1.0113
80.19996792,100.5,99.4886,-1.0113
80.239967904,100.5,99.4886,-1.0113
80.279967888,100.5,99.4886,-1.0113
80.31996787199999,100.5,99.4886,-1.0113
80.359967856,100.5,99.4887,-1.0112
80.39996784,100.5,99.4887,-1.0112
80.439967824,100.5,99.4888,-1.0111
80.479967808,100.5,99.4888,-1.0111
80.519967792,100.5,99.4889,-1.011
80.559967776,100.5,99.4889,-1.011
80.59996776,100.5,99.489,-1.0109
80.63996774399999,100.5,99.489,-1.0109
80.679967728,100.5,99.4891,-1.0108
80.719967712,100.5,99.4891,-1.0108
80.75996769599999,100.5,99.4892,-1.0107
80.79996768,100.5,99.4893,-1.0106
80.839967664,100.5,99.4894,-1.0105
80.879967648,100.5,99.4895,-1.0104
80.91996763200001,100.5,99.4896,-1.0103
80.959967616,100.5,99.4897,-1.0102
80.9999676,100.5,99.4898,-1.0101
81.03996758400001,100.5,99.4899,-1.01
81.079967568,100.5,99.49,-1.0099
81.119967552,100.5,99.4901,-1.0098
81.159967536,100.5,99.4903,-1.0096
81.19996752,100.5,99.4905,-1.0094
81.239967504,100.5,99.4906,-1.0093
81.279967488,100.5,99.4908,-1.0091
81.319967472,100.5,99.491,-1.0089
81.35996745599999,100.5,99.4912,-1.0087
81.39996744,100.5,99.4914,-1.0085
81.439967424,100.5,99.4916,-1.0083
81.479967408,100.5,99.4918,-1.0081
81.519967392,100.5,99.4921,-1.0078
81.55996737599999,100.5,99.4923,-1.0076
81.59996736,100.5,99.4926,-1.0073
81.639967344,100.5,99.4928,-1.007
81.67996732799999,100.5,99.4932,-1.0067
81.719967312,100.5,99.4935,-1.0064
81.759967296,100.5,99.4939,-1.006
81.79996727999999,100.5,99.4942,-1.0057
81.839967264,100.5,99.4945,-1.0054
81.879967248,100.5,99.495,-1.0049
81.919967232,100.5,99.4953,-1.0046
81.95996721600001,100.5,99.4957,-1.0041
81.9999672,100.5,99.4962,-1.0037
82.039967184,100.5,99.4967,-1.0032
82.079967168,100.5,99.4972,-1.0027
82.119967152,100.5,99.4977,-1.0022
82.159967136,100.5,99.4982,-1.0016
82.19996712,100.5,99.4988,-1.0011
82.239967104,100.5,99.4994,-1.0005
82.279967088,100.5,99.5,-0.9999
82.319967072,100.5,99.5006,-0.9993
82.359967056,100.5,99.5012,-0.9986
82.39996703999999,100.5,99.5019,-0.998
82.439967024,100.5,99.5025,-0.9973
82.479967008,100.5,99.5032,-0.9967
82.519966992,100.5,99.5039,-0.996
82.559966976,100.5,99.5046,-0.9953
82.59996695999999,100.5,99.5053,-0.9946
82.639966944,100.5,99.5061,-0.9938
82.679966928,100.5,99.5068,-0.993
82.71996691199999,100.5,99.5076,-0.9923
82.759966896,100.5,99.5084,-0.9914
82.79996687999999,100.5,99.5093,-0.9906
82.839966864,100.5,99.5102,-0.9897
82.87996684800001,100.5,99.5111,-0.9888
82.919966832,100.5,99.512,-0.9878
82.959966816,100.5,99.513,-0.9869
82.99996680000001,100.5,99.5139,-0.986
83.039966784,100.5,99.515,-0.9849
83.079966768,100.5,99.516,-0.9839
83.119966752,100.5,99.517,-0.9829
83.159966736,100.5,99.518,-0.9818
83.19996672,100.5,99.5192,-0.9807
83.239966704,100.5,99.5203,-0.9796
83.279966688,100.5,99.5214,-0.9784
83.31996667199999,100.5,99.5226,-0.9773
83.359966656,100.5,99.5238,-0.9761
83.39996664,100.5,99.525,-0.9749
83.439966624,100.5,99.5262,-0.9737
83.479966608,100.5,99.5275,-0.9724
83.519966592,100.5,99.5287,-0.9711
83.559966576,100.5,99.5301,-0.9698
83.59996656,100.5,99.5314,-0.9685
83.63996654399999,100.5,99.5327,-0.9672
83.679966528,100.5,99.534,-0.9658
83.719966512,100.5,99.5354,-0.9645
83.75996649599999,100.5,99.5368,-0.9631
83.79996648,100.5,99.5383,-0.9616
83.839966464,100.5,99.5398,-0.9601
83.879966448,100.5,99.5413,-0.9586
83.91996643200001,100.5,99.5428,-0.9571
83.959966416,100.5,99.5443,-0.9556
83.9999664,100.5,99.5458,-0.9541
84.039966384,100.5,99.5475,-0.9524
84.079966368,100.5,99.5491,-0.9508
84.119966352,100.5,99.5507,-0.9492
84.159966336,100.5,99.5523,-0.9476
84.19996632,100.5,99.5539,-0.946
84.239966304,100.5,99.5556,-0.9443
84.279966288,100.5,99.5573,-0.9426
84.319966272,100.5,99.5591,-0.9408
84.35996625599999,100.5,99.5608,-0.9391
84.39996624,100.5,99.5626,-0.9373
84.439966224,100.5,99.5644,-0.9355
84.479966208,100.5,99.5662,-0.9337
84.519966192,100.5,99.5681,-0.9318
84.55996617599999,100.5,99.57,-0.9299
84.59996616,100.5,99.5718,-0.9281
84.639966144,100.5,99.5738,-0.9261
84.67996612799999,100.5,99.5757,-0.9242
84.719966112,100.5,99.5776,-0.9223
84.759966096,100.5,99.5796,-0.9202
84.79996607999999,100.5,99.5816,-0.9183
84.83996606400001,100.5,99.5836,-0.9163
84.879966048,100.5,99.5857,-0.9142
84.919966032,100.5,99.5877,-0.9122
84.95996601600001,100.5,99.5898,-0.9101
84.999966,100.5,99.5918,-0.9081
85.039965984,100.5,99.594,-0.9059
85.079965968,100.5,99.5961,-0.9038
85.119965952,100.5,99.5983,-0.9016
85.159965936,100.5,99.6004,-0.8994
85.19996592,100.5,99.6026,-0.8973
85.239965904,100.5,99.6048,-0.8951
85.27996588799999,100.5,99.607,-0.8929
85.319965872,100.5,99.6092,-0.8907
85.359965856,100.5,99.6116,-0.8883
85.39996584,100.5,99.6138,-0.8861
85.439965824,100.5,99.6161,-0.8838
85.479965808,100.5,99.6185,-0.8814
85.519965792,100.5,99.6208,-0.8791
85.559965776,100.5,99.6232,-0.8767
85.59996575999999,100.5,99.6256,-0.8743
85.639965744,100.5,99.628,-0.8719
85.679965728,100.5,99.6304,-0.8695
85.71996571199999,100.5,99.6329,-0.867
85.759965696,100.5,99.6353,-0.8645
85.79996568,100.5,99.6379,-0.862
85.839965664,100.5,99.6404,-0.8595
85.87996564800001,100.5,99.6428,-0.8571
85.919965632,100.5,99.6454,-0.8545
85.959965616,100.5,99.648,-0.8519
85.99996560000001,100.5,99.6506,-0.8493
86.039965584,100.5,99.6531,-0.8468
86.079965568,100.5,99.6557,-0.8442
86.119965552,100.5,99.6583,-0.8416
86.159965536,100.5,99.6609,-0.839
86.19996552,100.5,99.6636,-0.8363
86.239965504,100.5,99.6662,-0.8337
86.279965488,100.5,99.6689,-0.831
86.31996547199999,100.5,99.6716,-0.8283
86.359965456,100.5,99.6743,-0.8256
86.39996544,100.5,99.677,-0.8229
86.439965424,100.5,99.6798,-0.8201
86.479965408,100.5,99.6825,-0.8174
86.51996539199999,100.5,99.6853,-0.8146
86.559965376,100.5,99.6881,-0.8118
86.59996536,100.5,99.6909,-0.809
86.63996534399999,100.5,99.6937,-0.8062
86.679965328,100.5,99.6965,-0.8033
86.719965312,100.5,99.6994,-0.8005
86.75996529599999,100.5,99.7022,-0.7977
86.79996528000001,100.5,99.7051,-0.7948
86.839965264,100.5,99.7079,-0.7919
86.879965248,100.5,99.7108,-0.7891
86.91996523200001,100.5,99.7136,-0.7863
86.959965216,100.5,99.7166,-0.7833
86.9999652,100.5,99.7195,-0.7804
87.039965184,100.5,99.7224,-0.7775
87.079965168,100.5,99.7253,-0.7746
87.119965152,100.5,99.7282,-0.7717
87.159965136,100.5,99.7311,-0.7687
87.19996512,100.5,99.7341,-0.7658
87.239965104,100.5,99.737,-0.7629
87.279965088,100.5,99.7399,-0.76
87.319965072,100.5,99.7429,-0.757
87.359965056,100.5,99.7459,-0.754
87.39996504,100.5,99.7489,-0.751
87.439965024,100.5,99.7518,-0.748
87.479965008,100.5,99.7548,-0.7451
87.519964992,100.5,99.7577,-0.7421
87.55996497599999,100.5,99.7608,-0.7391
87.59996496,100.5,99.7637,-0.7362
87.639964944,100.5,99.7666,-0.7333
87.67996492799999,100.5,99.7696,-0.7303
87.719964912,100.5,99.7725,-0.7274
87.75996489599999,100.5,99.7755,-0.7244
87.79996488,100.5,99.7785,-0.7214
87.83996486400001,100.5,99.7814,-0.7185
87.879964848,100.5,99.7844,-0.7155
87.919964832,100.5,99.7874,-0.7125
87.95996481600001,100.5,99.7904,-0.7095
87.9999648,100.5,99.7933,-0.7066
88.039964784,100.5,99.7963,-0.7036
88.079964768,100.5,99.7992,-0.7007
88.119964752,100.5,99.8021,-0.6977
88.159964736,100.5,99.805,-0.6949
88.19996472,100.5,99.8079,-0.6919
88.239964704,100.5,99.8108,-0.6891
88.27996468799999,100.5,99.8137,-0.6862
88.319964672,100.5,99.8167,-0.6832
88.359964656,100.5,99.8196,-0.6803
88.39996464,100.5,99.8225,-0.6774
88.439964624,100.5,99.8253,-0.6745
88.47996460799999,100.5,99.8282,-0.6717
88.519964592,100.5,99.831,-0.6689
88.559964576,100.5,99.8338,-0.666
88.59996455999999,100.5,99.8367,-0.6632
88.639964544,100.5,99.8395,-0.6604
88.679964528,100.5,99.8423,-0.6576
88.71996451199999,100.5,99.8451,-0.6548
88.759964496,100.5,99.8479,-0.652
88.79996448,100.5,99.8507,-0.6492
88.839964464,100.5,99.8535,-0.6464
88.87996444800001,100.5,99.8562,-0.6437
88.919964432,100.5,99.859,-0.6409
88.959964416,100.5,99.8617,-0.6382
88.9999644,100.5,99.8644,-0.6355
89.039964384,100.5,99.8671,-0.6328
89.079964368,100.5,99.8698,-0.63
89.119964352,100.5,99.8725,-0.6274
89.159964336,100.5,99.8751,-0.6247
89.19996432,100.5,99.8778,-0.6221
89.239964304,100.5,99.8805,-0.6194
89.279964288,100.5,99.8832,-0.6167
89.31996427199999,100.5,99.8858,-0.6141
89.359964256,100.5,99.8884,-0.6115
89.39996424,100.5,99.891,-0.6089
89.439964224,100.5,99.8936,-0.6063
89.479964208,100.5,99.8961,-0.6038
89.51996419199999,100.5,99.8986,-0.6013
89.559964176,100.5,99.9012,-0.5987
89.59996416,100.5,99.9037,-0.5962
89.63996414399999,100.5,99.9062,-0.5937
89.679964128,100.5,99.9087,-0.5912
89.71996411199999,100.5,99.9112,-0.5887
89.75996409599999,100.5,99.9137,-0.5862
89.79996408000001,100.5,99.9162,-0.5837
89.839964064,100.5,99.9186,-0.5813
89.879964048,100.5,99.9211,-0.5788
89.91996403200001,100.5,99.9235,-0.5764
89.959964016,100.5,99.9259,-0.574
89.999964,100.5,99.9284,-0.5715
90.039963984,100.5,99.9308,-0.5691
90.079963968,100.5,99.9332,-0.5666
90.119963952,100.5,99.9357,-0.5642
90.159963936,100.5,99.9381,-0.5618
90.19996392,100.5,99.9405,-0.5594
90.23996390399999,100.5,99.9429,-0.557
90.279963888,100.5,99.9453,-0.5546
90.319963872,100.5,99.9476,-0.5523
90.359963856,100.5,99.9499,-0.55
90.39996384,100.5,99.9523,-0.5476
90.439963824,100.5,99.9546,-0.5453
90.479963808,100.5,99.9569,-0.543
90.519963792,100.5,99.9592,-0.5407
90.55996377599999,100.5,99.9615,-0.5384
90.59996376,100.5,99.9638,-0.5361
90.639963744,100.5,99.9661,-0.5338
90.67996372799999,100.5,99.9684,-0.5315
90.719963712,100.5,99.9707,-0.5292
90.759963696,100.5,99.9729,-0.527
90.79996368,100.5,99.9752,-0.5247
90.83996366400001,100.5,99.9775,-0.5224
90.879963648,100.5,99.9797,-0.5202
90.919963632,100.5,99.982,-0.5179
90.959963616,100.5,99.9842,-0.5157
90.9999636,100.5,99.9864,-0.5135
91.039963584,100.5,99.9886,-0.5113
91.079963568,100.5,99.9908,-0.5091
91.119963552,100.5,99.993,-0.5069
91.159963536,100.5,99.9952,-0.5047
91.19996352,100.5,99.9974,-0.5025
91.239963504,100.5,99.9996,-0.5003
91.27996348799999,100.5,100.0018,-0.4981
91.319963472,100.5,100.004,-0.4959
91.359963456,100.5,100.0061,-0.4938
91.39996344,100.5,100.0083,-0.4916
91.439963424,100.5,100.0104,-0.4895
91.47996340799999,100.5,100.0125,-0.4874
91.519963392,100.5,100.0146,-0.4853
91.559963376,100.5,100.0167,-0.4832
91.59996335999999,100.5,100.0188,-0.4811
91.639963344,100.5,100.0209,-0.479
91.679963328,100.5,100.023,-0.4769
91.71996331199999,100.5,100.0251,-0.4748
91.759963296,100.5,100.0272,-0.4727
91.79996328,100.5,100.0294,-0.4705
91.839963264,100.5,100.0314,-0.4685
91.87996324800001,100.5,100.0335,-0.4664
91.919963232,100.5,100.0355,-0.4643
91.959963216,100.5,100.0376,-0.4623
91.9999632,100.5,100.0396,-0.4603
92.039963184,100.5,100.0416,-0.4583
92.079963168,100.5,100.0437,-0.4562
92.119963152,100.5,100.0457,-0.4542
92.159963136,100.5,100.0477,-0.4522
92.19996311999999,100.5,100.0497,-0.4502
92.239963104,100.5,100.0516,-0.4483
92.279963088,100.5,100.0537,-0.4462
92.319963072,100.5,100.0556,-0.4443
92.359963056,100.5,100.0576,-0.4423
92.39996304,100.5,100.0596,-0.4403
92.439963024,100.5,100.0615,-0.4384
92.479963008,100.5,100.0634,-0.4365
92.51996299199999,100.5,100.0654,-0.4345
92.559962976,100.5,100.0673,-0.4326
92.59996296,100.5,100.0693,-0.4306
92.63996294399999,100.5,100.0711,-0.4287
92.679962928,100.5,100.0731,-0.4268
92.71996291199999,100.5,100.075,-0.4249
92.759962896,100.5,100.0768,-0.4231
92.79996288000001,100.5,100.0788,-0.4211
92.839962864,100.5,100.0806,-0.4193
92.879962848,100.5,100.0825,-0.4174
92.91996283200001,100.5,100.0843,-0.4156
92.959962816,100.5,100.0861,-0.4138
92.9999628,100.5,100.088,-0.4119
93.039962784,100.5,100.0898,-0.4101
93.079962768,100.5,100.0916,-0.4083
93.119962752,100.5,100.0934,-0.4065
93.159962736,100.5,100.0951,-0.4048
93.19996272,100.5,100.0969,-0.403
93.23996270399999,100.5,100.0986,-0.4012
93.279962688,100.5,100.1004,-0.3995
93.319962672,100.5,100.1021,-0.3978
93.359962656,100.5,100.1038,-0.3961
93.39996264,100.5,100.1055,-0.3944
93.43996262399999,100.5,100.1072,-0.3927
93.479962608,100.5,100.1089,-0.391
93.519962592,100.5,100.1106,-0.3893
93.55996257599999,100.5,100.1122,-0.3877
93.59996256,100.5,100.1138,-0.386
93.639962544,100.5,100.1155,-0.3844
93.67996252799999,100.5,100.1171,-0.3828
93.719962512,100.5,100.1187,-0.3811
93.759962496,100.5,100.1203,-0.3795
93.79996248,100.5,100.122,-0.3779
93.83996246400001,100.5,100.1235,-0.3764
93.879962448,100.5,100.1251,-0.3748
93.919962432,100.5,100.1267,-0.3732
93.959962416,100.5,100.1283,-0.3716
93.9999624,100.5,100.1299,-0.37
94.039962384,100.5,100.1315,-0.3684
94.079962368,100.5,100.133,-0.3669
94.119962352,100.5,100.1345,-0.3654
94.159962336,100.5,100.1361,-0.3638
94.19996232,100.5,100.1376,-0.3623
94.239962304,100.5,100.1391,-0.3608
94.279962288,100.5,100.1406,-0.3593
94.319962272,100.5,100.1421,-0.3577
94.359962256,100.5,100.1436,-0.3563
94.39996224,100.5,100.1451,-0.3548
94.439962224,100.5,100.1466,-0.3533
94.47996220799999,100.5,100.1481,-0.3518
94.519962192,100.5,100.1496,-0.3503
94.559962176,100.5,100.151,-0.3489
94.59996215999999,100.5,100.1525,-0.3474
94.639962144,100.5,100.154,-0.3459
94.67996212799999,100.5,100.1554,-0.3444
94.71996211199999,100.5,100.1569,-0.343
94.75996209600001,100.5,100.1583,-0.3416
94.79996208,100.5,100.1598,-0.3401
94.839962064,100.5,100.1612,-0.3387
94.87996204800001,100.5,100.1626,-0.3373
94.919962032,100.5,100.164,-0.3359
94.959962016,100.5,100.1654,-0.3345
94.999962,100.5,100.1668,-0.333
95.039961984,100.5,100.1683,-0.3316
95.079961968,100.5,100.1697,-0.3302
95.119961952,100.5,100.1711,-0.3288
95.159961936,100.5,100.1725,-0.3274
95.19996191999999,100.5,100.1738,-0.3261
95.239961904,100.5,100.1752,-0.3247
95.279961888,100.5,100.1766,-0.3233
95.319961872,100.5,100.1779,-0.322
95.359961856,100.5,100.1793,-0.3206
95.39996184,100.5,100.1807,-0.3192
95.439961824,100.5,100.182,-0.3179
95.479961808,100.5,100.1834,-0.3165
95.51996179199999,100.5,100.1847,-0.3152
95.559961776,100.5,100.1861,-0.3138
95.59996176,100.5,100.1874,-0.3125
95.63996174399999,100.5,100.1887,-0.3112
95.679961728,100.5,100.19,-0.3099
95.719961712,100.5,100.1913,-0.3086
95.759961696,100.5,100.1926,-0.3073
95.79996168000001,100.5,100.1939,-0.306
95.839961664,100.5,100.1952,-0.3047
95.879961648,100.5,100.1965,-0.3034
95.919961632,100.5,100.1977,-0.3021
95.959961616,100.5,100.1991,-0.3008
95.9999616,100.5,100.2003,-0.2996
96.039961584,100.5,100.2016,-0.2983
96.079961568,100.5,100.2029,-0.297
96.119961552,100.5,100.2042,-0.2957
96.159961536,100.5,100.2055,-0.2944
96.19996152,100.5,100.2068,-0.2931
96.239961504,100.5,100.208,-0.2919
96.279961488,100.5,100.2093,-0.2906
96.319961472,100.5,100.2105,-0.2893
96.359961456,100.5,100.2118,-0.2881
96.39996144,100.5,100.213,-0.2869
96.43996142399999,100.5,100.2143,-0.2856
96.479961408,100.5,100.2155,-0.2844
96.519961392,100.5,100.2167,-0.2832
96.55996137599999,100.5,100.218,-0.2819
96.59996136,100.5,100.2192,-0.2807
96.639961344,100.5,100.2204,-0.2795
96.67996132799999,100.5,100.2216,-0.2783
96.71996131200001,100.5,100.2228,-0.2771
96.759961296,100.5,100.2241,-0.2758
96.79996128,100.5,100.2253,-0.2746
96.83996126400001,100.5,100.2265,-0.2734
96.879961248,100.5,100.2277,-0.2722
96.919961232,100.5,100.2289,-0.271
96.959961216,100.5,100.2301,-0.2698
96.9999612,100.5,100.2312,-0.2687
97.039961184,100.5,100.2324,-0.2675
97.079961168,100.5,100.2336,-0.2663
97.119961152,100.5,100.2347,-0.2652
97.15996113599999,100.5,100.2358,-0.264
97.19996112,100.5,100.237,-0.2629
97.239961104,100.5,100.2381,-0.2618
97.279961088,100.5,100.2392,-0.2607
97.319961072,100.5,100.2404,-0.2595
97.359961056,100.5,100.2415,-0.2584
97.39996104,100.5,100.2427,-0.2572
97.439961024,100.5,100.2438,-0.256
97.47996100799999,100.5,100.245,-0.2549
97.519960992,100.5,100.2461,-0.2538
97.559960976,100.5,100.2472,-0.2527
97.59996095999999,100.5,100.2483,-0.2516
97.639960944,100.5,100.2494,-0.2505
97.67996092799999,100.5,100.2505,-0.2494
97.719960912,100.5,100.2516,-0.2483
97.75996089600001,100.5,100.2527,-0.2472
97.79996088,100.5,100.2537,-0.2462
97.839960864,100.5,100.2548,-0.2451
97.87996084800001,100.5,100.2558,-0.244
97.919960832,100.5,100.2569,-0.243
97.959960816,100.5,100.258,-0.2419
97.9999608,100.5,100.259,-0.2409
98.039960784,100.5,100.26,-0.2399
98.079960768,100.5,100.2611,-0.2388
98.119960752,100.5,100.2621,-0.2378
98.159960736,100.5,100.2632,-0.2367
98.19996071999999,100.5,100.2642,-0.2357
98.239960704,100.5,100.2652,-0.2347
98.279960688,100.5,100.2662,-0.2337
98.319960672,100.5,100.2673,-0.2326
98.359960656,100.5,100.2683,-0.2315
98.39996063999999,100.5,100.2694,-0.2305
98.439960624,100.5,100.2704,-0.2295
98.479960608,100.5,100.2713,-0.2286
98.51996059199999,100.5,100.2724,-0.2275
98.559960576,100.5,100.2733,-0.2266
98.59996056,100.5,100.2743,-0.2255
98.63996054399999,100.5,100.2753,-0.2246
98.679960528,100.5,100.2763,-0.2236
98.719960512,100.5,100.2773,-0.2226
98.759960496,100.5,100.2782,-0.2217
98.79996048000001,100.5,100.2792,-0.2207
98.839960464,100.5,100.2801,-0.2198
98.879960448,100.5,100.2811,-0.2188
98.919960432,100.5,100.2821,-0.2178
98.959960416,100.5,100.283,-0.2169
98.9999604,100.5,100.2839,-0.216
99.039960384,100.5,100.2849,-0.215
99.079960368,100.5,100.2858,-0.2141
99.119960352,100.5,100.2868,-0.2131
99.159960336,100.5,100.2877,-0.2122
99.19996032,100.5,100.2886,-0.2113
99.239960304,100.5,100.2895,-0.2104
99.279960288,100.5,100.2904,-0.2095
99.319960272,100.5,100.2913,-0.2086
99.359960256,100.5,100.2922,-0.2077
99.39996024,100.5,100.293,-0.2068
99.43996022399999,100.5,100.2939,-0.206
99.479960208,100.5,100.2948,-0.2051
99.519960192,100.5,100.2957,-0.2042
99.55996017599999,100.5,100.2966,-0.2033
99.59996016,100.5,100.2975,-0.2024
99.63996014399999,100.5,100.2984,-0.2015
99.67996012799999,100.5,100.2992,-0.2006
99.71996011200001,100.5,100.3002,-0.1997
99.759960096,100.5,100.301,-0.1989
99.79996008,100.5,100.3019,-0.198
99.83996006400001,100.5,100.3027,-0.1971
99.879960048,100.5,100.3036,-0.1963
99.919960032,100.5,100.3045,-0.1954
99.959960016,100.5,100.3053,-0.1946
99.99996,100.5,100.3062,-0.1937
100.039959984,100.5,100.307,-0.1929
100.079959968,100.5,100.3078,-0.192
100.119959952,100.5,100.3088,-0.1911
100.15995993599999,100.5,100.3096,-0.1903
100.19995992,100.5,100.3104,-0.1894
100.239959904,100.5,100.3113,-0.1886
100.279959888,100.5,100.3121,-0.1878
100.319959872,100.5,100.313,-0.1869
100.35995985599999,100.5,100.3138,-0.1861
100.39995984,100.5,100.3146,-0.1853
100.439959824,100.5,100.3154,-0.1845
100.47995980799999,100.5,100.3162,-0.1837
100.519959792,100.5,100.3171,-0.1828
100.559959776,100.5,100.3178,-0.1821
100.59995975999999,100.5,100.3186,-0.1813
100.639959744,100.5,100.3194,-0.1805
100.679959728,100.5,100.3202,-0.1797
100.719959712,100.5,100.321,-0.1789
100.75995969600001,100.5,100.3218,-0.1781
100.79995968,100.5,100.3226,-0.1773
100.839959664,100.5,100.3234,-0.1765
100.879959648,100.5,100.3241,-0.1758
100.919959632,100.5,100.3249,-0.175
100.959959616,100.5,100.3257,-0.1742
100.9999596,100.5,100.3265,-0.1734
101.039959584,100.5,100.3273,-0.1726
101.079959568,100.5,100.328,-0.1718
101.119959552,100.5,100.3288,-0.171
101.159959536,100.5,100.3296,-0.1703
101.19995952,100.5,100.3303,-0.1696
101.239959504,100.5,100.3311,-0.1688
101.279959488,100.5,100.3318,-0.1681
101.319959472,100.5,100.3325,-0.1674
101.359959456,100.5,100.3332,-0.1667
101.39995943999999,100.5,100.3339,-0.166
101.439959424,100.5,100.3347,-0.1652
101.479959408,100.5,100.3353,-0.1645
101.51995939199999,100.5,100.3361,-0.1638
101.559959376,100.5,100.3367,-0.1631
101.59995935999999,100.5,100.3374,-0.1625
101.63995934399999,100.5,100.3382,-0.1617
101.679959328,100.5,100.3389,-0.161
101.719959312,100.5,100.3396,-0.1603
101.759959296,100.5,100.3403,-0.1596
101.79995928000001,100.5,100.341,-0.1589
101.839959264,100.5,100.3417,-0.1582
101.879959248,100.5,100.3424,-0.1575
101.919959232,100.5,100.3431,-0.1568
101.959959216,100.5,100.3438,-0.156
101.9999592,100.5,100.3445,-0.1554
102.039959184,100.5,100.3453,-0.1546
102.079959168,100.5,100.346,-0.1539
102.11995915199999,100.5,100.3467,-0.1532
102.159959136,100.5,100.3474,-0.1525
102.19995912,100.5,100.348,-0.1519
102.239959104,100.5,100.3487,-0.1512
102.279959088,100.5,100.3494,-0.1505
102.319959072,100.5,100.3501,-0.1498
102.359959056,100.5,100.3507,-0.1492
102.39995904,100.5,100.3513,-0.1486
102.43995902399999,100.5,100.3521,-0.1478
102.479959008,100.5,100.3527,-0.1472
102.519958992,100.5,100.3533,-0.1466
102.55995897599999,100.5,100.354,-0.1459
102.59995896,100.5,100.3547,-0.1452
102.63995894399999,100.5,100.3554,-0.1445
102.679958928,100.5,100.356,-0.1439
102.71995891200001,100.5,100.3567,-0.1432
102.759958896,100.5,100.3574,-0.1425
102.79995888,100.5,100.358,-0.1419
102.839958864,100.5,100.3586,-0.1412
102.879958848,100.5,100.3593,-0.1406
102.919958832,100.5,100.3599,-0.14
102.959958816,100.5,100.3605,-0.1394
102.9999588,100.5,100.3611,-0.1388
103.039958784,100.5,100.3617,-0.1382
103.079958768,100.5,100.3623,-0.1376
103.119958752,100.5,100.3629,-0.137
103.159958736,100.5,100.3635,-0.1364
103.19995872,100.5,100.3641,-0.1358
103.239958704,100.5,100.3647,-0.1352
103.279958688,100.5,100.3653,-0.1346
103.319958672,100.5,100.3659,-0.134
103.35995865599999,100.5,100.3665,-0.1334
103.39995864,100.5,100.3671,-0.1328
103.439958624,100.5,100.3677,-0.1322
103.47995860799999,100.5,100.3683,-0.1316
103.519958592,100.5,100.3689,-0.131
103.559958576,100.5,100.3695,-0.1304
103.59995855999999,100.5,100.3701,-0.1298
103.639958544,100.5,100.3707,-0.1292
103.679958528,100.5,100.3712,-0.1287
103.719958512,100.5,100.3718,-0.1281
103.75995849600001,100.5,100.3724,-0.1275
103.79995848,100.5,100.373,-0.1269
103.839958464,100.5,100.3736,-0.1263
103.879958448,100.5,100.3741,-0.1258
103.919958432,100.5,100.3747,-0.1252
103.959958416,100.5,100.3752,-0.1247
103.9999584,100.5,100.3758,-0.1241
104.039958384,100.5,100.3763,-0.1236
104.07995836799999,100.5,100.3768,-0.1231
104.119958352,100.5,100.3773,-0.1226
104.159958336,100.5,100.3778,-0.122
104.19995832,100.5,100.3784,-0.1215
104.239958304,100.5,100.3789,-0.121
104.279958288,100.5,100.3794,-0.1205
104.319958272,100.5,100.3799,-0.12
104.359958256,100.5,100.3804,-0.1195
104.39995823999999,100.5,100.3809,-0.119
104.439958224,100.5,100.3815,-0.1184
104.479958208,100.5,100.382,-0.1179
104.51995819199999,100.5,100.3825,-0.1174
104.559958176,100.5,100.383,-0.1168
104.59995815999999,100.5,100.3836,-0.1163
104.63995814399999,100.5,100.3841,-0.1158
104.67995812800001,100.5,100.3845,-0.1153
104.719958112,100.5,100.385,-0.1148
104.759958096,100.5,100.3856,-0.1143
104.79995808000001,100.5,100.386,-0.1139
104.839958064,100.5,100.3865,-0.1134
104.879958048,100.5,100.387,-0.1129
104.919958032,100.5,100.3875,-0.1124
104.959958016,100.5,100.388,-0.1119
104.999958,100.5,100.3884,-0.1115
105.039957984,100.5,100.3889,-0.111
105.079957968,100.5,100.3893,-0.1105
105.119957952,100.5,100.3898,-0.1101
105.159957936,100.5,100.3903,-0.1096
105.19995792,100.5,100.3907,-0.1092
105.239957904,100.5,100.3911,-0.1088
105.279957888,100.5,100.3916,-0.1083
105.31995787199999,100.5,100.392,-0.1079
105.359957856,100.5,100.3924,-0.1075
105.39995784,100.5,100.3928,-0.1071
105.43995782399999,100.5,100.3933,-0.1066
105.479957808,100.5,100.3937,-0.1062
105.519957792,100.5,100.3941,-0.1058
105.55995777599999,100.5,100.3945,-0.1054
105.59995776,100.5,100.395,-0.1049
105.639957744,100.5,100.3955,-0.1044
105.679957728,100.5,100.3959,-0.104
105.71995771200001,100.5,100.3963,-0.1035
105.759957696,100.5,100.3967,-0.1031
105.79995768,100.5,100.3972,-0.1027
105.839957664,100.5,100.3976,-0.1023
105.879957648,100.5,100.398,-0.1019
105.919957632,100.5,100.3984,-0.1015
105.959957616,100.5,100.3989,-0.101
105.9999576,100.5,100.3992,-0.1007
106.039957584,100.5,100.3996,-0.1003
106.079957568,100.5,100.4,-0.0999
106.119957552,100.5,100.4004,-0.0995
106.159957536,100.5,100.4009,-0.099
106.19995752,100.5,100.4012,-0.0986
106.239957504,100.5,100.4017,-0.0982
106.279957488,100.5,100.4021,-0.0978
106.319957472,100.5,100.4025,-0.0974
106.35995745599999,100.5,100.4029,-0.097
106.39995744,100.5,100.4033,-0.0966
106.439957424,100.5,100.4037,-0.0962
106.47995740799999,100.5,100.4041,-0.0958
106.519957392,100.5,100.4045,-0.0954
106.55995737599999,100.5,100.4049,-0.095
106.59995735999999,100.5,100.4053,-0.0946
106.63995734400001,100.5,100.4056,-0.0943
106.679957328,100.5,100.406,-0.0939
106.719957312,100.5,100.4064,-0.0935
106.75995729600001,100.5,100.4068,-0.0931
106.79995728,100.5,100.4071,-0.0927
106.839957264,100.5,100.4075,-0.0924
106.879957248,100.5,100.4079,-0.092
106.919957232,100.5,100.4083,-0.0916
106.959957216,100.5,100.4086,-0.0913
106.9999572,100.5,100.409,-0.0909
107.039957184,100.5,100.4094,-0.0905
107.07995716799999,100.5,100.4098,-0.0901
107.119957152,100.5,100.4101,-0.0898
107.159957136,100.5,100.4105,-0.0894
107.19995712,100.5,100.4109,-0.089
107.239957104,100.5,100.4113,-0.0886
107.279957088,100.5,100.4117,-0.0882
107.319957072,100.5,100.4121,-0.0878
107.359957056,100.5,100.4125,-0.0874
107.39995703999999,100.5,100.4128,-0.0871
107.439957024,100.5,100.4132,-0.0867
107.479957008,100.5,100.4136,-0.0863
107.51995699199999,100.5,100.414,-0.0859
107.559956976,100.5,100.4144,-0.0855
107.59995695999999,100.5,100.4147,-0.0852
107.639956944,100.5,100.4151,-0.0848
107.67995692800001,100.5,100.4155,-0.0844
107.719956912,100.5,100.4158,-0.084
107.759956896,100.5,100.4162,-0.0837
107.79995688,100.5,100.4166,-0.0833
107.839956864,100.5,100.417,-0.0829
107.879956848,100.5,100.4173,-0.0825
107.919956832,100.5,100.4177,-0.0822
107.959956816,100.5,100.418,-0.0819
107.9999568,100.5,100.4184,-0.0815
108.039956784,100.5,100.4187,-0.0811
108.079956768,100.5,100.4191,-0.0807
108.119956752,100.5,100.4195,-0.0804
108.159956736,100.5,100.4198,-0.0801
108.19995672,100.5,100.4201,-0.0798
108.239956704,100.5,100.4204,-0.0795
108.279956688,100.5,100.4208,-0.0791
108.31995667199999,100.5,100.4212,-0.0787
108.359956656,100.5,100.4215,-0.0784
108.39995664,100.5,100.4218,-0.078
108.43995662399999,100.5,100.4222,-0.0777
108.479956608,100.5,100.4225,-0.0774
108.519956592,100.5,100.4229,-0.077
108.55995657599999,100.5,100.4233,-0.0766
108.59995656,100.5,100.4236,-0.0763
108.639956544,100.5,100.4239,-0.076
108.679956528,100.5,100.4243,-0.0756
108.71995651200001,100.5,100.4245,-0.0754
108.759956496,100.5,100.4248,-0.075
108.79995648,100.5,100.4251,-0.0748
108.839956464,100.5,100.4254,-0.0745
108.879956448,100.5,100.4257,-0.0742
108.919956432,100.5,100.426,-0.0739
108.959956416,100.5,100.4263,-0.0736
108.9999564,100.5,100.4266,-0.0733
109.03995638399999,100.5,100.4269,-0.073
109.079956368,100.5,100.4272,-0.0727
109.119956352,100.5,100.4275,-0.0724
109.159956336,100.5,100.4278,-0.0721
109.19995632,100.5,100.4281,-0.0718
109.239956304,100.5,100.4283,-0.0716
109.279956288,100.5,100.4286,-0.0713
109.319956272,100.5,100.4289,-0.071
109.35995625599999,100.5,100.4292,-0.0707
109.39995624,100.5,100.4294,-0.0705
109.439956224,100.5,100.4297,-0.0702
109.47995620799999,100.5,100.43,-0.0699
109.519956192,100.5,100.4302,-0.0697
109.55995617599999,100.5,100.4305,-0.0694
109.59995615999999,100.5,100.4307,-0.0691
109.63995614400001,100.5,100.431,-0.0689
109.679956128,100.5,100.4312,-0.0687
109.719956112,100.5,100.4314,-0.0684
109.75995609600001,100.5,100.4317,-0.0682
109.79995608,100.5,100.4319,-0.068
109.839956064,100.5,100.4321,-0.0678
109.879956048,100.5,100.4324,-0.0675
109.919956032,100.5,100.4326,-0.0673
109.959956016,100.5,100.4328,-0.067
109.999956,100.5,100.4331,-0.0668
110.039955984,100.5,100.4333,-0.0666
110.079955968,100.5,100.4335,-0.0664
110.119955952,100.5,100.4338,-0.0661
110.159955936,100.5,100.434,-0.0659
110.19995592,100.5,100.4342,-0.0657
110.239955904,100.5,100.4345,-0.0654
110.27995588799999,100.5,100.4347,-0.0652
110.319955872,100.5,100.4348,-0.0651
110.359955856,100.5,100.4351,-0.0648
110.39995583999999,100.5,100.4353,-0.0646
110.439955824,100.5,100.4355,-0.0644
110.479955808,100.5,100.4357,-0.0642
110.51995579199999,100.5,100.4359,-0.064
110.559955776,100.5,100.4361,-0.0638
110.59995576,100.5,100.4363,-0.0636
110.639955744,100.5,100.4365,-0.0634
110.67995572800001,100.5,100.4367,-0.0632
110.719955712,100.5,100.4368,-0.063
110.759955696,100.5,100.4371,-0.0628
110.79995568,100.5,100.4373,-0.0626
110.839955664,100.5,100.4375,-0.0624
110.879955648,100.5,100.4376,-0.0623
110.919955632,100.5,100.4378,-0.0621
110.959955616,100.5,100.438,-0.0619
110.9999556,100.5,100.4382,-0.0617
111.039955584,100.5,100.4384,-0.0615
111.079955568,100.5,100.4386,-0.0613
111.119955552,100.5,100.4387,-0.0612
111.159955536,100.5,100.4389,-0.0609
111.19995552,100.5,100.4392,-0.0607
111.239955504,100.5,100.4393,-0.0606
111.279955488,100.5,100.4395,-0.0604
111.31995547199999,100.5,100.4397,-0.0602
111.359955456,100.5,100.4398,-0.0601
111.39995544,100.5,100.44,-0.0599
111.43995542399999,100.5,100.4402,-0.0597
111.479955408,100.5,100.4404,-0.0595
111.51995539199999,100.5,100.4405,-0.0594
111.55995537599999,100.5,100.4407,-0.0592
111.59995536,100.5,100.4408,-0.059
111.639955344,100.5,100.441,-0.0589
111.679955328,100.5,100.4413,-0.0586
111.71995531200001,100.5,100.4415,-0.0584
111.759955296,100.5,100.4416,-0.0583
111.79995528,100.5,100.4418,-0.0581
111.839955264,100.5,100.442,-0.0579
111.879955248,100.5,100.4422,-0.0577
111.919955232,100.5,100.4424,-0.0575
111.959955216,100.5,100.4426,-0.0573
111.9999552,100.5,100.4427,-0.0572
112.039955184,100.5,100.4429,-0.057
112.079955168,100.5,100.4431,-0.0568
112.119955152,100.5,100.4433,-0.0566
112.159955136,100.5,100.4435,-0.0564
112.19995512,100.5,100.4436,-0.0563
112.23995510399999,100.5,100.4438,-0.0561
112.279955088,100.5,100.444,-0.0559
112.319955072,100.5,100.4442,-0.0557
112.35995505599999,100.5,100.4443,-0.0555
112.39995504,100.5,100.4445,-0.0554
112.439955024,100.5,100.4447,-0.0552
112.47995500799999,100.5,100.4449,-0.055
112.519954992,100.5,100.4451,-0.0548
112.55995497599999,100.5,100.4452,-0.0546
112.59995496,100.5,100.4454,-0.0545
112.63995494400001,100.5,100.4456,-0.0543
112.679954928,100.5,100.4458,-0.0541
112.719954912,100.5,100.446,-0.0539
112.759954896,100.5,100.4461,-0.0538
112.79995488,100.5,100.4463,-0.0536
112.839954864,100.5,100.4465,-0.0534
112.879954848,100.5,100.4467,-0.0532
112.919954832,100.5,100.4468,-0.0531
112.959954816,100.5,100.447,-0.0529
112.9999548,100.5,100.4472,-0.0527
113.039954784,100.5,100.4473,-0.0525
113.079954768,100.5,100.4476,-0.0523
113.119954752,100.5,100.4477,-0.0521
113.159954736,100.5,100.4479,-0.052
113.19995472,100.5,100.4481,-0.0518
113.239954704,100.5,100.4483,-0.0516
113.27995468799999,100.5,100.4484,-0.0515
113.319954672,100.5,100.4486,-0.0513
113.359954656,100.5,100.4488,-0.0511
113.39995463999999,100.5,100.449,-0.0509
113.439954624,100.5,100.4491,-0.0508
113.47995460799999,100.5,100.4492,-0.0507
113.51995459199999,100.5,100.4494,-0.0505
113.559954576,100.5,100.4495,-0.0503
113.59995456,100.5,100.4497,-0.0502
113.639954544,100.5,100.4499,-0.05
113.67995452800001,100.5,100.45,-0.0499
113.719954512,100.5,100.4502,-0.0497
113.759954496,100.5,100.4503,-0.0496
113.79995448,100.5,100.4505,-0.0494
113.839954464,100.5,100.4506,-0.0493
113.879954448,100.5,100.4507,-0.0492
113.919954432,100.5,100.4509,-0.049
113.959954416,100.5,100.451,-0.0489
113.9999544,100.5,100.4511,-0.0488
114.039954384,100.5,100.4513,-0.0486
114.079954368,100.5,100.4514,-0.0485
114.119954352,100.5,100.4516,-0.0483
114.159954336,100.5,100.4518,-0.0481
114.19995432,100.5,100.4519,-0.048
114.239954304,100.5,100.452,-0.0479
114.279954288,100.5,100.4522,-0.0477
114.31995427199999,100.5,100.4524,-0.0475
114.359954256,100.5,100.4525,-0.0474
114.39995424,100.5,100.4527,-0.0472
114.43995422399999,100.5,100.4529,-0.047
114.479954208,100.5,100.453,-0.0469
114.51995419199999,100.5,100.4532,-0.0467
114.55995417599999,100.5,100.4534,-0.0465
114.59995416000001,100.5,100.4536,-0.0463
114.639954144,100.5,100.4537,-0.0462
114.679954128,100.5,100.4538,-0.0461
114.719954112,100.5,100.454,-0.0459
114.759954096,100.5,100.4541,-0.0458
114.79995408,100.5,100.4543,-0.0456
114.839954064,100.5,100.4544,-0.0455
114.879954048,100.5,100.4545,-0.0454
114.919954032,100.5,100.4547,-0.0452
114.959954016,100.5,100.4548,-0.0451
114.999954,100.5,100.4549,-0.045
115.039953984,100.5,100.4551,-0.0448
115.079953968,100.5,100.4552,-0.0447
115.119953952,100.5,100.4554,-0.0445
115.159953936,100.5,100.4555,-0.0444
115.19995392,100.5,100.4556,-0.0443
115.23995390399999,100.5,100.4558,-0.0441
115.279953888,100.5,100.4559,-0.044
115.319953872,100.5,100.4561,-0.0438
115.35995385599999,100.5,100.4562,-0.0437
115.39995384,100.5,100.4564,-0.0435
115.439953824,100.5,100.4565,-0.0434
115.47995380799999,100.5,100.4566,-0.0432
115.519953792,100.5,100.4568,-0.043
115.559953776,100.5,100.457,-0.0429
115.59995376,100.5,100.4572,-0.0427
115.63995374400001,100.5,100.4573,-0.0426
115.679953728,100.5,100.4575,-0.0424
115.719953712,100.5,100.4576,-0.0423
115.759953696,100.5,100.4578,-0.0421
115.79995368,100.5,100.458,-0.0419
115.839953664,100.5,100.4581,-0.0418
115.879953648,100.5,100.4583,-0.0416
115.919953632,100.5,100.4584,-0.0415
115.95995361599999,100.5,100.4586,-0.0413
115.9999536,100.5,100.4587,-0.0412
116.039953584,100.5,100.4588,-0.0411
116.079953568,100.5,100.459,-0.0409
116.119953552,100.5,100.4591,-0.0408
116.159953536,100.5,100.4593,-0.0406
116.19995352,100.5,100.4595,-0.0404
116.239953504,100.5,100.4596,-0.0402
116.27995348799999,100.5,100.4598,-0.0401
116.319953472,100.5,100.4599,-0.04
116.359953456,100.5,100.46,-0.0399
116.39995343999999,100.5,100.4602,-0.0397
116.439953424,100.5,100.4603,-0.0396
116.47995340799999,100.5,100.4604,-0.0395
116.51995339199999,100.5,100.4606,-0.0393
116.55995337600001,100.5,100.4607,-0.0392
116.59995336,100.5,100.4608,-0.0391
116.639953344,100.5,100.4609,-0.039
116.67995332800001,100.5,100.4611,-0.0388
116.719953312,100.5,100.4612,-0.0387
116.759953296,100.5,100.4614,-0.0385
116.79995328,100.5,100.4616,-0.0383
116.839953264,100.5,100.4617,-0.0382
116.879953248,100.5,100.4618,-0.0381
116.919953232,100.5,100.462,-0.0379
116.959953216,100.5,100.4621,-0.0378
116.9999532,100.5,100.4623,-0.0376
117.039953184,100.5,100.4625,-0.0374
117.079953168,100.5,100.4626,-0.0373
117.119953152,100.5,100.4628,-0.0371
117.159953136,100.5,100.4629,-0.037
117.19995311999999,100.5,100.4631,-0.0368
117.239953104,100.5,100.4632,-0.0367
117.279953088,100.5,100.4633,-0.0366
117.31995307199999,100.5,100.4635,-0.0364
117.359953056,100.5,100.4636,-0.0363
117.39995304,100.5,100.4637,-0.0362
117.43995302399999,100.5,100.4638,-0.0361
117.479953008,100.5,100.4639,-0.0359
117.51995299199999,100.5,100.4641,-0.0358
117.559952976,100.5,100.4642,-0.0357
117.59995296000001,100.5,100.4643,-0.0356
117.639952944,100.5,100.4644,-0.0355
117.679952928,100.5,100.4645,-0.0354
117.719952912,100.5,100.4646,-0.0353
117.759952896,100.5,100.4647,-0.0352
117.79995288,100.5,100.4648,-0.0351
117.839952864,100.5,100.465,-0.0349
117.879952848,100.5,100.4651,-0.0348
117.919952832,100.5,100.4652,-0.0347
117.959952816,100.5,100.4653,-0.0346
117.9999528,100.5,100.4654,-0.0344
118.039952784,100.5,100.4656,-0.0343
118.079952768,100.5,100.4657,-0.0342
118.119952752,100.5,100.4658,-0.0341
118.159952736,100.5,100.4658,-0.0341
118.19995272,100.5,100.466,-0.0339
118.23995270399999,100.5,100.4661,-0.0338
118.279952688,100.5,100.4662,-0.0337
118.319952672,100.5,100.4663,-0.0336
118.35995265599999,100.5,100.4664,-0.0335
118.39995264,100.5,100.4665,-0.0334
118.43995262399999,100.5,100.4666,-0.0333
118.47995260799999,100.5,100.4667,-0.0332
118.519952592,100.5,100.4668,-0.0331
118.559952576,100.5,100.4669,-0.033
118.59995256,100.5,100.467,-0.0329
118.63995254400001,100.5,100.4671,-0.0328
118.679952528,100.5,100.4672,-0.0327
118.719952512,100.5,100.4672,-0.0326
118.759952496,100.5,100.4673,-0.0326
118.79995248,100.5,100.4673,-0.0325
118.839952464,100.5,100.4675,-0.0324
118.879952448,100.5,100.4675,-0.0324
118.919952432,100.5,100.4676,-0.0323
118.959952416,100.5,100.4676,-0.0322
118.9999524,100.5,100.4677,-0.0322
119.039952384,100.5,100.4678,-0.0321
119.079952368,100.5,100.4678,-0.032
119.119952352,100.5,100.468,-0.0319
119.159952336,100.5,100.4681,-0.0318
119.19995232,100.5,100.4682,-0.0317
119.239952304,100.5,100.4683,-0.0316
119.27995228799999,100.5,100.4683,-0.0316
119.319952272,100.5,100.4684,-0.0315
119.359952256,100.5,100.4685,-0.0314
119.39995223999999,100.5,100.4686,-0.0313
119.439952224,100.5,100.4687,-0.0312
119.47995220799999,100.5,100.4688,-0.0311
119.51995219199999,100.5,100.4689,-0.031
119.55995217600001,100.5,100.469,-0.0309
119.59995216,100.5,100.4691,-0.0308
119.639952144,100.5,100.4692,-0.0307
119.679952128,100.5,100.4693,-0.0306
119.719952112,100.5,100.4694,-0.0305
119.759952096,100.5,100.4695,-0.0304
119.79995208,100.5,100.4696,-0.0303
119.839952064,100.5,100.4697,-0.0302
119.879952048,100.5,100.4697,-0.0301
119.919952032,100.5,100.4698,-0.03
119.959952016,100.5,100.4699,-0.03
119.999952,100.5,100.47,-0.0299
120.039951984,100.5,100.4701,-0.0298
120.079951968,100.5,100.4702,-0.0297
120.119951952,100.5,100.4703,-0.0296
120.159951936,100.5,100.4704,-0.0295
120.19995191999999,100.5,100.4705,-0.0294
120.239951904,100.5,100.4706,-0.0293
120.279951888,100.5,100.4707,-0.0292
120.31995187199999,100.5,100.4708,-0.0291
120.359951856,100.5,100.4708,-0.0291
120.39995184,100.5,100.4709,-0.0289
120.43995182399999,100.5,100.471,-0.0289
120.479951808,100.5,100.4711,-0.0288
120.519951792,100.5,100.4712,-0.0287
120.559951776,100.5,100.4713,-0.0286
120.59995176000001,100.5,100.4714,-0.0285
120.639951744,100.5,100.4715,-0.0284
120.679951728,100.5,100.4716,-0.0283
120.719951712,100.5,100.4717,-0.0282
120.759951696,100.5,100.4718,-0.0281
120.79995168,100.5,100.4719,-0.028
120.839951664,100.5,100.472,-0.0279
120.879951648,100.5,100.4721,-0.0278
120.919951632,100.5,100.4722,-0.0277
120.959951616,100.5,100.4723,-0.0276
120.9999516,100.5,100.4724,-0.0275
121.039951584,100.5,100.4725,-0.0274
121.079951568,100.5,100.4726,-0.0273
121.119951552,100.5,100.4727,-0.0272
121.159951536,100.5,100.4728,-0.0271
121.19995152,100.5,100.4729,-0.027
121.23995150399999,100.5,100.4729,-0.0269
121.279951488,100.5,100.4731,-0.0268
121.319951472,100.5,100.4732,-0.0267
121.35995145599999,100.5,100.4733,-0.0266
121.39995144,100.5,100.4734,-0.0265
121.43995142399999,100.5,100.4735,-0.0264
121.47995140799999,100.5,100.4736,-0.0263
121.519951392,100.5,100.4737,-0.0262
121.559951376,100.5,100.4738,-0.0261
121.59995136,100.5,100.4739,-0.026
121.63995134400001,100.5,100.4739,-0.026
121.679951328,100.5,100.474,-0.0259
121.719951312,100.5,100.4742,-0.0257
121.759951296,100.5,100.4742,-0.0256
121.79995128,100.5,100.4743,-0.0256
121.839951264,100.5,100.4744,-0.0255
121.879951248,100.5,100.4745,-0.0254
121.919951232,100.5,100.4746,-0.0253
121.959951216,100.5,100.4748,-0.0251
121.9999512,100.5,100.4749,-0.025
122.039951184,100.5,100.475,-0.0249
122.079951168,100.5,100.4751,-0.0248
122.119951152,100.5,100.4753,-0.0246
122.15995113599999,100.5,100.4754,-0.0245
122.19995112,100.5,100.4755,-0.0244
122.239951104,100.5,100.4756,-0.0243
122.27995108799999,100.5,100.4757,-0.0242
122.319951072,100.5,100.4758,-0.0241
122.359951056,100.5,100.4759,-0.024
122.39995103999999,100.5,100.476,-0.0239
122.439951024,100.5,100.4761,-0.0237
122.47995100799999,100.5,100.4762,-0.0236
122.519950992,100.5,100.4763,-0.0235
122.55995097600001,100.5,100.4764,-0.0234
122.59995096,100.5,100.4766,-0.0233
122.639950944,100.5,100.4767,-0.0232
122.679950928,100.5,100.4768,-0.0231
122.719950912,100.5,100.4768,-0.0231
122.759950896,100.5,100.4769,-0.023
122.79995088,100.5,100.477,-0.0229
122.839950864,100.5,100.4772,-0.0227
122.879950848,100.5,100.4773,-0.0226
122.919950832,100.5,100.4774,-0.0225
122.959950816,100.5,100.4775,-0.0224
122.9999508,100.5,100.4776,-0.0223
123.039950784,100.5,100.4777,-0.0222
123.079950768,100.5,100.4778,-0.0221
123.119950752,100.5,100.4779,-0.022
123.159950736,100.5,100.478,-0.0219
123.19995071999999,100.5,100.4781,-0.0218
123.239950704,100.5,100.4782,-0.0217
123.279950688,100.5,100.4783,-0.0216
123.31995067199999,100.5,100.4783,-0.0215
123.359950656,100.5,100.4784,-0.0214
123.39995063999999,100.5,100.4785,-0.0214
123.43995062399999,100.5,100.4786,-0.0213
123.479950608,100.5,100.4787,-0.0212
123.519950592,100.5,100.4788,-0.0211
123.559950576,100.5,100.4789,-0.021
123.59995056000001,100.5,100.479,-0.0209
123.639950544,100.5,100.4791,-0.0208
123.679950528,100.5,100.4792,-0.0207
123.719950512,100.5,100.4793,-0.0206
123.759950496,100.5,100.4793,-0.0205
123.79995048,100.5,100.4795,-0.0204
123.839950464,100.5,100.4795,-0.0204
123.879950448,100.5,100.4796,-0.0203
123.919950432,100.5,100.4797,-0.0202
123.959950416,100.5,100.4797,-0.0202
123.9999504,100.5,100.4798,-0.0201
124.039950384,100.5,100.4798,-0.0201
124.079950368,100.5,100.4799,-0.02
124.11995035199999,100.5,100.48,-0.0199
124.159950336,100.5,100.48,-0.0199
124.19995032,100.5,100.4801,-0.0198
124.23995030399999,100.5,100.4801,-0.0198
124.279950288,100.5,100.4802,-0.0197
124.319950272,100.5,100.4802,-0.0197
124.35995025599999,100.5,100.4802,-0.0197
124.39995024,100.5,100.4803,-0.0196
124.43995022399999,100.5,100.4803,-0.0196
124.47995020799999,100.5,100.4803,-0.0196
124.51995019200001,100.5,100.4804,-0.0195
124.559950176,100.5,100.4804,-0.0195
124.59995016,100.5,100.4805,-0.0194
124.639950144,100.5,100.4805,-0.0193
124.679950128,100.5,100.4806,-0.0193
124.719950112,100.5,100.4806,-0.0193
124.759950096,100.5,100.4807,-0.0192
124.79995008,100.5,100.4808,-0.0191
124.839950064,100.5,100.4809,-0.019
124.879950048,100.5,100.481,-0.0189
124.919950032,100.5,100.4811,-0.0188
124.959950016,100.5,100.4811,-0.0188
124.99995,100.5,100.4812,-0.0187
125.039949984,100.5,100.4813,-0.0186
125.07994996800001,100.5,100.4813,-0.0186
125.11994995199998,100.5,100.4814,-0.0185
125.15994993599999,100.5,100.4815,-0.0184
125.19994992,100.5,100.4815,-0.0184
125.239949904,100.5,100.4816,-0.0183
125.279949888,100.5,100.4816,-0.0183
125.31994987199998,100.5,100.4817,-0.0182
125.35994985599999,100.5,100.4818,-0.0181
125.39994983999999,100.5,100.4818,-0.0181
125.439949824,100.5,100.4819,-0.018
125.479949808,100.5,100.482,-0.0179
125.51994979199999,100.5,100.482,-0.0179
125.559949776,100.5,100.4821,-0.0178
125.59994976,100.5,100.4822,-0.0177
125.639949744,100.5,100.4822,-0.0177
125.67994972800001,100.5,100.4823,-0.0176
125.71994971200002,100.5,100.4824,-0.0175
125.75994969599999,100.5,100.4825,-0.0174
125.79994968,100.5,100.4825,-0.0174
125.839949664,100.5,100.4826,-0.0173
125.87994964800001,100.5,100.4827,-0.0172
125.91994963200001,100.5,100.4828,-0.0171
125.95994961599999,100.5,100.4828,-0.0171
125.9999496,100.5,100.4829,-0.017
126.039949584,100.5,100.4829,-0.017
126.079949568,100.5,100.483,-0.0169
126.11994955200001,100.5,100.4831,-0.0168
126.15994953599998,100.5,100.4831,-0.0168
126.19994951999999,100.5,100.4832,-0.0167
126.239949504,100.5,100.4833,-0.0166
126.279949488,100.5,100.4833,-0.0166
126.319949472,100.5,100.4833,-0.0166
126.35994945599998,100.5,100.4834,-0.0165
126.39994943999999,100.5,100.4834,-0.0165
126.43994942399999,100.5,100.4835,-0.0164
126.47994940800001,100.5,100.4836,-0.0163
126.51994939200002,100.5,100.4836,-0.0163
126.55994937599999,100.5,100.4836,-0.0163
126.59994936,100.5,100.4837,-0.0162
126.639949344,100.5,100.4837,-0.0162
126.679949328,100.5,100.4838,-0.0161
126.71994931200001,100.5,100.4838,-0.0161
126.75994929599999,100.5,100.4838,-0.016
126.79994927999999,100.5,100.4838,-0.016
126.839949264,100.5,100.4839,-0.016
126.879949248,100.5,100.484,-0.0159
126.91994923200001,100.5,100.484,-0.0159
126.95994921600001,100.5,100.484,-0.0159
126.99994919999999,100.5,100.484,-0.0159
127.039949184,100.5,100.4841,-0.0158
127.079949168,100.5,100.4841,-0.0158
127.119949152,100.5,100.4842,-0.0157
127.15994913600001,100.5,100.4843,-0.0156
127.19994911999999,100.5,100.4843,-0.0156
127.23994910399999,100.5,100.4843,-0.0155
127.279949088,100.5,100.4844,-0.0155
127.319949072,100.5,100.4845,-0.0154
127.359949056,100.5,100.4846,-0.0153
127.39994903999998,100.5,100.4846,-0.0153
127.43994902399999,100.5,100.4847,-0.0152
127.479949008,100.5,100.4848,-0.0151
127.51994899200001,100.5,100.4848,-0.015
127.55994897600002,100.5,100.4849,-0.015
127.59994895999999,100.5,100.485,-0.0149
127.639948944,100.5,100.485,-0.0149
127.679948928,100.5,100.485,-0.0149
127.719948912,100.5,100.4851,-0.0148
127.75994889600001,100.5,100.4851,-0.0148
127.79994887999999,100.5,100.4852,-0.0147
127.839948864,100.5,100.4852,-0.0147
127.879948848,100.5,100.4853,-0.0146
127.919948832,100.5,100.4853,-0.0146
127.95994881600001,100.5,100.4854,-0.0145
127.99994879999998,100.5,100.4853,-0.0146
128.039948784,100.5,100.4854,-0.0145
128.079948768,100.5,100.4854,-0.0145
128.119948752,100.5,100.4854,-0.0145
128.15994873600002,100.5,100.4855,-0.0144
128.19994872,100.5,100.4855,-0.0144
128.239948704,100.5,100.4855,-0.0144
128.279948688,100.5,100.4855,-0.0144
128.319948672,100.5,100.4855,-0.0144
128.359948656,100.5,100.4855,-0.0144
128.39994864000002,100.5,100.4855,-0.0144
128.43994862399998,100.5,100.4855,-0.0144
128.479948608,100.5,100.4855,-0.0144
128.519948592,100.5,100.4855,-0.0144
128.559948576,100.5,100.4855,-0.0143
128.59994856,100.5,100.4855,-0.0144
128.639948544,100.5,100.4855,-0.0144
128.67994852799998,100.5,100.4855,-0.0144
128.719948512,100.5,100.4855,-0.0144
128.759948496,100.5,100.4856,-0.0143
128.79994848,100.5,100.4855,-0.0143
128.83994846399997,100.5,100.4856,-0.0143
128.879948448,100.5,100.4856,-0.0142
128.91994843199998,100.5,100.4856,-0.0143
128.959948416,100.5,100.4856,-0.0143
128.99994840000002,100.5,100.4856,-0.0143
129.03994838399998,100.5,100.4856,-0.0143
129.079948368,100.5,100.4856,-0.0143
129.119948352,100.5,100.4856,-0.0143
129.159948336,100.5,100.4856,-0.0142
129.19994832,100.5,100.4856,-0.0143
129.239948304,100.5,100.4856,-0.0143
129.27994828799999,100.5,100.4856,-0.0143
129.319948272,100.5,100.4855,-0.0144
129.359948256,100.5,100.4855,-0.0144
129.39994824000001,100.5,100.4855,-0.0144
129.43994822399998,100.5,100.4855,-0.0144
129.479948208,100.5,100.4856,-0.0143
129.519948192,100.5,100.4856,-0.0143
129.559948176,100.5,100.4856,-0.0143
129.59994816,100.5,100.4856,-0.0143
129.63994814400002,100.5,100.4855,-0.0143
129.67994812799998,100.5,100.4856,-0.0143
129.719948112,100.5,100.4856,-0.0143
129.759948096,100.5,100.4856,-0.0143
129.79994808,100.5,100.4856,-0.0143
129.839948064,100.5,100.4855,-0.0144
129.879948048,100.5,100.4855,-0.0144
129.91994803199998,100.5,100.4855,-0.0144
129.959948016,100.5,100.4856,-0.0143
129.99994800000002,100.5,100.4856,-0.0143
130.039947984,100.5,100.4856,-0.0143
130.079947968,100.5,100.4856,-0.0143
130.119947952,100.5,100.4856,-0.0143
130.159947936,100.5,100.4856,-0.0143
130.19994792,100.5,100.4857,-0.0142
130.23994790400002,100.5,100.4857,-0.0142
130.27994788799998,100.5,100.4857,-0.0141
130.319947872,100.5,100.4857,-0.0142
130.359947856,100.5,100.4857,-0.0142
130.39994784,100.5,100.4857,-0.0142
130.439947824,100.5,100.4857,-0.0142
130.479947808,100.5,100.4857,-0.0142
130.51994779199998,100.5,100.4856,-0.0143
130.559947776,100.5,100.4856,-0.0143
130.59994776,100.5,100.4856,-0.0143
130.639947744,100.5,100.4856,-0.0143
130.67994772799997,100.5,100.4856,-0.0143
130.719947712,100.5,100.4856,-0.0143
130.75994769599998,100.5,100.4856,-0.0143
130.79994768,100.5,100.4856,-0.0143
130.839947664,100.5,100.4856,-0.0143
130.879947648,100.5,100.4857,-0.0142
130.919947632,100.5,100.4856,-0.0142
130.959947616,100.5,100.4857,-0.0142
130.9999476,100.5,100.4857,-0.0142
131.039947584,100.5,100.4856,-0.0143
131.07994756800002,100.5,100.4856,-0.0142
131.11994755199999,100.5,100.4856,-0.0142
131.159947536,100.5,100.4856,-0.0143
131.19994752,100.5,100.4857,-0.0142
131.239947504,100.5,100.4857,-0.0142
131.279947488,100.5,100.4857,-0.0142
131.319947472,100.5,100.4857,-0.0142
131.359947456,100.5,100.4857,-0.0142
131.39994744,100.5,100.4857,-0.0141
131.439947424,100.5,100.4857,-0.0142
131.47994740800002,100.5,100.4858,-0.0141
131.51994739199998,100.5,100.4858,-0.0141
131.559947376,100.5,100.4857,-0.0142
131.59994736,100.5,100.4857,-0.0142
131.639947344,100.5,100.4857,-0.0142
131.679947328,100.5,100.4857,-0.0142
131.719947312,100.5,100.4857,-0.0142
131.75994729599998,100.5,100.4857,-0.0142
131.79994728,100.5,100.4857,-0.0142
131.839947264,100.5,100.4857,-0.0141
131.879947248,100.5,100.4858,-0.0141
131.919947232,100.5,100.4858,-0.0141
131.959947216,100.5,100.4858,-0.0141
131.9999472,100.5,100.4858,-0.0141
132.039947184,100.5,100.4857,-0.0142
132.07994716800002,100.5,100.4857,-0.0142
132.119947152,100.5,100.4857,-0.0142
132.159947136,100.5,100.4857,-0.0142
132.19994712,100.5,100.4857,-0.0142
132.239947104,100.5,100.4856,-0.0143
132.279947088,100.5,100.4856,-0.0143
132.31994707200002,100.5,100.4856,-0.0143
132.35994705599998,100.5,100.4856,-0.0143
132.39994704,100.5,100.4856,-0.0143
132.439947024,100.5,100.4856,-0.0143
132.479947008,100.5,100.4856,-0.0143
132.519946992,100.5,100.4856,-0.0143
132.559946976,100.5,100.4856,-0.0143
132.59994695999998,100.5,100.4856,-0.0143
132.639946944,100.5,100.4857,-0.0142
132.679946928,100.5,100.4857,-0.0142
132.719946912,100.5,100.4857,-0.0142
132.75994689599997,100.5,100.4857,-0.0142
132.79994688,100.5,100.4857,-0.0141
132.83994686399998,100.5,100.4858,-0.0141
132.879946848,100.5,100.4858,-0.0141
132.919946832,100.5,100.4858,-0.0141
132.95994681599998,100.5,100.4858,-0.0141
132.9999468,100.5,100.4858,-0.014
133.039946784,100.5,100.4859,-0.014
133.079946768,100.5,100.4859,-0.014
133.119946752,100.5,100.4859,-0.0139
133.159946736,100.5,100.4859,-0.0139
133.19994671999999,100.5,100.486,-0.0139
133.239946704,100.5,100.486,-0.0139
133.279946688,100.5,100.486,-0.0139
133.31994667200001,100.5,100.486,-0.0139
133.359946656,100.5,100.486,-0.0139
133.39994664,100.5,100.486,-0.0139
133.439946624,100.5,100.486,-0.0139
133.479946608,100.5,100.486,-0.0139
133.519946592,100.5,100.486,-0.0139
133.55994657600002,100.5,100.4861,-0.0138
133.59994655999998,100.5,100.486,-0.0138
133.639946544,100.5,100.4861,-0.0138
133.679946528,100.5,100.4861,-0.0138
133.719946512,100.5,100.4861,-0.0138
133.759946496,100.5,100.4862,-0.0137
133.79994648,100.5,100.4862,-0.0137
133.83994646399998,100.5,100.4862,-0.0137
133.879946448,100.5,100.4862,-0.0137
133.91994643200002,100.5,100.4862,-0.0137
133.959946416,100.5,100.4862,-0.0137
133.9999464,100.5,100.4862,-0.0137
134.039946384,100.5,100.4863,-0.0136
134.079946368,100.5,100.4863,-0.0136
134.119946352,100.5,100.4863,-0.0136
134.15994633600002,100.5,100.4863,-0.0136
134.19994631999998,100.5,100.4864,-0.0135
134.239946304,100.5,100.4864,-0.0135
134.279946288,100.5,100.4864,-0.0135
134.319946272,100.5,100.4865,-0.0134
134.359946256,100.5,100.4865,-0.0134
134.39994624,100.5,100.4865,-0.0134
134.43994622399998,100.5,100.4865,-0.0134
134.479946208,100.5,100.4865,-0.0134
134.519946192,100.5,100.4865,-0.0134
134.559946176,100.5,100.4866,-0.0133
134.59994616,100.5,100.4865,-0.0134
134.639946144,100.5,100.4866,-0.0133
134.67994612799998,100.5,100.4866,-0.0133
134.719946112,100.5,100.4866,-0.0133
134.759946096,100.5,100.4867,-0.0132
134.79994608,100.5,100.4867,-0.0132
134.83994606399997,100.5,100.4867,-0.0131
134.879946048,100.5,100.4868,-0.0131
134.919946032,100.5,100.4868,-0.0131
134.959946016,100.5,100.4869,-0.013
134.99994600000002,100.5,100.4869,-0.013
135.03994598399998,100.5,100.4869,-0.013
135.079945968,100.5,100.4869,-0.013
135.119945952,100.5,100.4869,-0.013
135.159945936,100.5,100.4869,-0.013
135.19994592,100.5,100.487,-0.0129
135.239945904,100.5,100.487,-0.0129
135.279945888,100.5,100.487,-0.0129
135.319945872,100.5,100.487,-0.0129
135.359945856,100.5,100.4871,-0.0128
135.39994584000002,100.5,100.487,-0.0129
135.43994582399998,100.5,100.4871,-0.0128
135.479945808,100.5,100.4871,-0.0128
135.519945792,100.5,100.4871,-0.0128
135.559945776,100.5,100.4871,-0.0128
135.59994576,100.5,100.4871,-0.0128
135.639945744,100.5,100.4871,-0.0128
135.67994572799998,100.5,100.4871,-0.0128
135.719945712,100.5,100.4871,-0.0128
135.759945696,100.5,100.4872,-0.0127
135.79994568,100.5,100.4872,-0.0127
135.839945664,100.5,100.4873,-0.0126
135.879945648,100.5,100.4872,-0.0127
135.919945632,100.5,100.4873,-0.0126
135.959945616,100.5,100.4873,-0.0126
135.99994560000002,100.5,100.4873,-0.0126
136.039945584,100.5,100.4873,-0.0126
136.079945568,100.5,100.4873,-0.0126
136.119945552,100.5,100.4873,-0.0126
136.159945536,100.5,100.4873,-0.0126
136.19994552,100.5,100.4873,-0.0126
136.23994550400002,100.5,100.4873,-0.0126
136.27994548799998,100.5,100.4873,-0.0126
136.319945472,100.5,100.4873,-0.0126
136.359945456,100.5,100.4873,-0.0126
136.39994544,100.5,100.4873,-0.0126
136.439945424,100.5,100.4873,-0.0126
136.479945408,100.5,100.4873,-0.0126
136.51994539199998,100.5,100.4873,-0.0126
136.559945376,100.5,100.4873,-0.0125
136.59994536,100.5,100.4873,-0.0125
136.639945344,100.5,100.4874,-0.0125
136.67994532799997,100.5,100.4874,-0.0125
136.719945312,100.5,100.4873,-0.0125
136.75994529599998,100.5,100.4873,-0.0125
136.79994528,100.5,100.4873,-0.0126
136.839945264,100.5,100.4873,-0.0126
136.87994524799998,100.5,100.4873,-0.0125
136.919945232,100.5,100.4874,-0.0125
136.959945216,100.5,100.4873,-0.0125
136.9999452,100.5,100.4874,-0.0125
137.039945184,100.5,100.4874,-0.0125
137.07994516800002,100.5,100.4874,-0.0125
137.11994515199999,100.5,100.4875,-0.0124
137.159945136,100.5,100.4875,-0.0124
137.19994512,100.5,100.4875,-0.0124
137.23994510400001,100.5,100.4876,-0.0123
137.279945088,100.5,100.4876,-0.0123
137.319945072,100.5,100.4876,-0.0123
137.359945056,100.5,100.4877,-0.0122
137.39994504,100.5,100.4876,-0.0122
137.439945024,100.5,100.4877,-0.0122
137.47994500800002,100.5,100.4877,-0.0122
137.51994499199998,100.5,100.4877,-0.0122
137.559944976,100.5,100.4877,-0.0122
137.59994496,100.5,100.4877,-0.0122
137.639944944,100.5,100.4877,-0.0121
137.679944928,100.5,100.4877,-0.0122
137.719944912,100.5,100.4877,-0.0121
137.75994489599998,100.5,100.4878,-0.0121
137.79994488,100.5,100.4878,-0.0121
137.839944864,100.5,100.4878,-0.0121
137.879944848,100.5,100.4878,-0.0121
137.919944832,100.5,100.4878,-0.0121
137.959944816,100.5,100.4878,-0.0121
137.9999448,100.5,100.4878,-0.0121
138.039944784,100.5,100.4878,-0.0121
138.07994476800002,100.5,100.4878,-0.0121
138.11994475199998,100.5,100.4878,-0.0121
138.159944736,100.5,100.4877,-0.0121
138.19994472,100.5,100.4877,-0.0121
138.239944704,100.5,100.4877,-0.0122
138.279944688,100.5,100.4877,-0.0121
138.31994467200002,100.5,100.4878,-0.0121
138.35994465599998,100.5,100.4878,-0.0121
138.39994464,100.5,100.4878,-0.0121
138.439944624,100.5,100.4878,-0.0121
138.479944608,100.5,100.4878,-0.0121
138.519944592,100.5,100.4879,-0.012
138.559944576,100.5,100.4879,-0.012
138.59994455999998,100.5,100.488,-0.0119
138.639944544,100.5,100.488,-0.0119
138.679944528,100.5,100.488,-0.0119
138.719944512,100.5,100.488,-0.0118
138.75994449599997,100.5,100.4881,-0.0118
138.79994448,100.5,100.4881,-0.0118
138.83994446399998,100.5,100.4882,-0.0117
138.879944448,100.5,100.4882,-0.0117
138.91994443200002,100.5,100.4882,-0.0117
138.95994441599998,100.5,100.4882,-0.0117
138.9999444,100.5,100.4882,-0.0117
139.039944384,100.5,100.4882,-0.0117
139.079944368,100.5,100.4881,-0.0118
139.119944352,100.5,100.4882,-0.0117
139.159944336,100.5,100.4882,-0.0117
139.19994432,100.5,100.4882,-0.0117
139.239944304,100.5,100.4882,-0.0117
139.279944288,100.5,100.4882,-0.0117
139.31994427200001,100.5,100.4882,-0.0117
139.35994425599998,100.5,100.4882,-0.0117
139.39994424,100.5,100.4883,-0.0116
139.439944224,100.5,100.4883,-0.0116
139.479944208,100.5,100.4883,-0.0116
139.519944192,100.5,100.4883,-0.0116
139.55994417600002,100.5,100.4883,-0.0116
139.59994415999998,100.5,100.4883,-0.0116
139.639944144,100.5,100.4884,-0.0115
139.679944128,100.5,100.4884,-0.0115
139.719944112,100.5,100.4884,-0.0115
139.759944096,100.5,100.4884,-0.0114
139.79994408,100.5,100.4884,-0.0114
139.83994406399998,100.5,100.4884,-0.0114
139.879944048,100.5,100.4885,-0.0114
139.91994403200002,100.5,100.4885,-0.0114
139.959944016,100.5,100.4885,-0.0114
139.999944,100.5,100.4885,-0.0114
140.039943984,100.5,100.4886,-0.0113
140.079943968,100.5,100.4886,-0.0113
140.119943952,100.5,100.4886,-0.0113
140.15994393600002,100.5,100.4886,-0.0113
140.19994391999998,100.5,100.4886,-0.0113
140.239943904,100.5,100.4886,-0.0113
140.279943888,100.5,100.4886,-0.0113
140.319943872,100.5,100.4886,-0.0113
140.359943856,100.5,100.4886,-0.0113
140.39994384,100.5,100.4885,-0.0113
140.43994382399998,100.5,100.4886,-0.0113
140.479943808,100.5,100.4885,-0.0113
140.519943792,100.5,100.4886,-0.0113
140.559943776,100.5,100.4885,-0.0114
140.59994375999997,100.5,100.4885,-0.0113
140.639943744,100.5,100.4885,-0.0114
140.67994372799998,100.5,100.4885,-0.0114
140.719943712,100.5,100.4885,-0.0113
140.759943696,100.5,100.4886,-0.0113
140.79994368,100.5,100.4886,-0.0113
140.83994366399997,100.5,100.4886,-0.0113
140.879943648,100.5,100.4886,-0.0113
140.919943632,100.5,100.4886,-0.0113
140.959943616,100.5,100.4886,-0.0113
140.99994360000002,100.5,100.4886,-0.0113
141.03994358399999,100.5,100.4887,-0.0112
141.079943568,100.5,100.4886,-0.0112
141.119943552,100.5,100.4886,-0.0113
141.15994353600001,100.5,100.4886,-0.0113
141.19994352,100.5,100.4887,-0.0112
141.239943504,100.5,100.4887,-0.0112
141.279943488,100.5,100.4887,-0.0112
141.319943472,100.5,100.4887,-0.0111
141.359943456,100.5,100.4888,-0.0111
141.39994344000002,100.5,100.4888,-0.0111
141.43994342399998,100.5,100.4888,-0.0111
141.479943408,100.5,100.4888,-0.0111
141.519943392,100.5,100.4888,-0.0111
141.559943376,100.5,100.4888,-0.0111
141.59994336,100.5,100.4888,-0.0111
141.639943344,100.5,100.4888,-0.0111
141.67994332799998,100.5,100.4888,-0.0111
141.719943312,100.5,100.4888,-0.0111
141.759943296,100.5,100.4888,-0.0111
141.79994328,100.5,100.4889,-0.011
141.839943264,100.5,100.4889,-0.011
141.879943248,100.5,100.4889,-0.011
141.919943232,100.5,100.4889,-0.011
141.959943216,100.5,100.4889,-0.011
141.99994320000002,100.5,100.489,-0.0109
142.039943184,100.5,100.489,-0.0109
142.079943168,100.5,100.489,-0.0109
142.119943152,100.5,100.4891,-0.0108
142.159943136,100.5,100.4891,-0.0108
142.19994312,100.5,100.4892,-0.0107
142.23994310400002,100.5,100.4892,-0.0107
142.27994308799998,100.5,100.4893,-0.0106
142.319943072,100.5,100.4893,-0.0106
142.359943056,100.5,100.4894,-0.0105
142.39994304,100.5,100.4894,-0.0105
142.439943024,100.5,100.4895,-0.0104
142.479943008,100.5,100.4895,-0.0104
142.51994299199998,100.5,100.4895,-0.0104
142.559942976,100.5,100.4895,-0.0104
142.59994296,100.5,100.4895,-0.0104
142.639942944,100.5,100.4896,-0.0103
142.67994292799997,100.5,100.4896,-0.0103
142.719942912,100.5,100.4897,-0.0102
142.75994289599998,100.5,100.4897,-0.0102
142.79994288,100.5,100.4897,-0.0102
142.839942864,100.5,100.4897,-0.0102
142.87994284799998,100.5,100.4897,-0.0102
142.919942832,100.5,100.4897,-0.0102
142.959942816,100.5,100.4898,-0.0101
142.9999428,100.5,100.4898,-0.0101
143.039942784,100.5,100.4898,-0.0101
143.079942768,100.5,100.4898,-0.0101
143.119942752,100.5,100.4899,-0.01
143.159942736,100.5,100.49,-0.0099
143.19994272,100.5,100.49,-0.0099
143.23994270400001,100.5,100.49,-0.0099
143.279942688,100.5,100.4901,-0.0098
143.319942672,100.5,100.4901,-0.0098
143.359942656,100.5,100.4901,-0.0098
143.39994264,100.5,100.4902,-0.0097
143.439942624,100.5,100.4902,-0.0097
143.47994260800002,100.5,100.4902,-0.0097
143.51994259199998,100.5,100.4902,-0.0097
143.559942576,100.5,100.4903,-0.0096
143.59994256,100.5,100.4903,-0.0096
143.639942544,100.5,100.4903,-0.0096
143.679942528,100.5,100.4904,-0.0095
143.719942512,100.5,100.4904,-0.0095
143.75994249599998,100.5,100.4904,-0.0095
143.79994248,100.5,100.4904,-0.0095
143.839942464,100.5,100.4905,-0.0094
143.879942448,100.5,100.4905,-0.0094
143.919942432,100.5,100.4905,-0.0094
143.959942416,100.5,100.4904,-0.0094
143.9999424,100.5,100.4905,-0.0094
144.039942384,100.5,100.4905,-0.0094
144.07994236800002,100.5,100.4905,-0.0094
144.11994235199998,100.5,100.4905,-0.0094
144.159942336,100.5,100.4905,-0.0094
144.19994232,100.5,100.4905,-0.0094
144.239942304,100.5,100.4905,-0.0094
144.279942288,100.5,100.4905,-0.0094
144.319942272,100.5,100.4905,-0.0093
144.35994225599998,100.5,100.4905,-0.0094
144.39994224,100.5,100.4905,-0.0093
144.439942224,100.5,100.4905,-0.0094
144.479942208,100.5,100.4905,-0.0094
144.519942192,100.5,100.4905,-0.0094
144.559942176,100.5,100.4905,-0.0094
144.59994215999998,100.5,100.4904,-0.0094
144.639942144,100.5,100.4904,-0.0094
144.679942128,100.5,100.4905,-0.0094
144.719942112,100.5,100.4905,-0.0093
144.75994209599997,100.5,100.4905,-0.0094
144.79994208,100.5,100.4905,-0.0094
144.839942064,100.5,100.4906,-0.0093
144.879942048,100.5,100.4906,-0.0093
144.91994203200002,100.5,100.4905,-0.0093
144.95994201599999,100.5,100.4906,-0.0093
144.999942,100.5,100.4906,-0.0093
145.039941984,100.5,100.4905,-0.0093
145.079941968,100.5,100.4906,-0.0093
145.119941952,100.5,100.4906,-0.0093
145.159941936,100.5,100.4906,-0.0093
145.19994192,100.5,100.4906,-0.0093
145.239941904,100.5,100.4906,-0.0093
145.279941888,100.5,100.4905,-0.0094
145.31994187200002,100.5,100.4905,-0.0094
145.35994185599998,100.5,100.4905,-0.0094
145.39994184,100.5,100.4905,-0.0094
145.439941824,100.5,100.4905,-0.0094
145.479941808,100.5,100.4904,-0.0095
145.519941792,100.5,100.4904,-0.0095
145.559941776,100.5,100.4904,-0.0095
145.59994175999998,100.5,100.4904,-0.0095
145.639941744,100.5,100.4903,-0.0096
145.679941728,100.5,100.4903,-0.0096
145.719941712,100.5,100.4903,-0.0096
145.759941696,100.5,100.4903,-0.0096
145.79994168,100.5,100.4903,-0.0096
145.839941664,100.5,100.4903,-0.0096
145.879941648,100.5,100.4903,-0.0096
145.91994163200002,100.5,100.4903,-0.0096
145.959941616,100.5,100.4903,-0.0095
145.9999416,100.5,100.4904,-0.0095
146.039941584,100.5,100.4904,-0.0095
146.079941568,100.5,100.4904,-0.0095
146.119941552,100.5,100.4904,-0.0095
146.15994153600002,100.5,100.4903,-0.0095
146.19994151999998,100.5,100.4903,-0.0096
146.239941504,100.5,100.4903,-0.0096
146.279941488,100.5,100.4903,-0.0096
146.319941472,100.5,100.4903,-0.0096
146.359941456,100.5,100.4903,-0.0096
146.39994144,100.5,100.4903,-0.0096
146.43994142399998,100.5,100.4902,-0.0097
146.479941408,100.5,100.4902,-0.0097
146.519941392,100.5,100.4902,-0.0097
146.559941376,100.5,100.4902,-0.0097
146.59994135999997,100.5,100.4902,-0.0097
146.639941344,100.5,100.4903,-0.0096
146.67994132799998,100.5,100.4903,-0.0096
146.719941312,100.5,100.4902,-0.0097
146.759941296,100.5,100.4902,-0.0097
146.79994127999998,100.5,100.4902,-0.0097
146.839941264,100.5,100.4903,-0.0096
146.879941248,100.5,100.4903,-0.0096
146.919941232,100.5,100.4902,-0.0097
146.959941216,100.5,100.4902,-0.0096
146.99994120000002,100.5,100.4902,-0.0096
147.03994118399999,100.5,100.4902,-0.0097
147.079941168,100.5,100.4902,-0.0096
147.119941152,100.5,100.4903,-0.0096
147.15994113600001,100.5,100.4903,-0.0096
147.19994112,100.5,100.4902,-0.0097
147.239941104,100.5,100.4902,-0.0097
147.279941088,100.5,100.4902,-0.0097
147.319941072,100.5,100.4902,-0.0097
147.359941056,100.5,100.4901,-0.0098
147.39994104000002,100.5,100.4902,-0.0097
147.43994102399998,100.5,100.4902,-0.0097
147.479941008,100.5,100.4902,-0.0097
147.519940992,100.5,100.4902,-0.0097
147.559940976,100.5,100.4903,-0.0096
147.59994096,100.5,100.4903,-0.0096
147.639940944,100.5,100.4903,-0.0096
147.67994092799998,100.5,100.4903,-0.0096
147.719940912,100.5,100.4903,-0.0096
147.759940896,100.5,100.4904,-0.0095
147.79994088,100.5,100.4904,-0.0095
147.839940864,100.5,100.4904,-0.0095
147.879940848,100.5,100.4904,-0.0095
147.919940832,100.5,100.4903,-0.0096
147.959940816,100.5,100.4903,-0.0096
147.99994080000002,100.5,100.4903,-0.0096
148.03994078399998,100.5,100.4903,-0.0096
148.079940768,100.5,100.4903,-0.0095
148.119940752,100.5,100.4903,-0.0095
148.159940736,100.5,100.4903,-0.0096
148.19994072,100.5,100.4904,-0.0095
148.23994070400002,100.5,100.4904,-0.0095
148.27994068799998,100.5,100.4904,-0.0095
148.319940672,100.5,100.4904,-0.0095
148.359940656,100.5,100.4904,-0.0095
148.39994064,100.5,100.4904,-0.0095
148.439940624,100.5,100.4904,-0.0095
148.479940608,100.5,100.4904,-0.0095
148.51994059199998,100.5,100.4904,-0.0095
148.559940576,100.5,100.4904,-0.0095
148.59994056,100.5,100.4903,-0.0095
148.639940544,100.5,100.4904,-0.0095
148.67994052799997,100.5,100.4904,-0.0095
148.719940512,100.5,100.4904,-0.0095
148.75994049599998,100.5,100.4904,-0.0095
148.79994048,100.5,100.4904,-0.0095
148.83994046400002,100.5,100.4904,-0.0094
148.87994044799999,100.5,100.4904,-0.0094
148.919940432,100.5,100.4904,-0.0095
148.959940416,100.5,100.4904,-0.0094
148.9999404,100.5,100.4905,-0.0094
149.039940384,100.5,100.4904,-0.0095
149.079940368,100.5,100.4904,-0.0095
149.119940352,100.5,100.4904,-0.0095
149.159940336,100.5,100.4903,-0.0096
149.19994032,100.5,100.4903,-0.0096
149.23994030400002,100.5,100.4902,-0.0097
149.27994028799998,100.5,100.4902,-0.0097
149.319940272,100.5,100.4902,-0.0097
149.359940256,100.5,100.4902,-0.0097
149.39994024,100.5,100.4902,-0.0097
149.439940224,100.5,100.4902,-0.0097
149.47994020800002,100.5,100.4902,-0.0097
149.51994019199998,100.5,100.4902,-0.0097
149.559940176,100.5,100.4902,-0.0097
149.59994016,100.5,100.4903,-0.0096
149.639940144,100.5,100.4903,-0.0096
149.679940128,100.5,100.4903,-0.0096
149.719940112,100.5,100.4904,-0.0095
149.75994009599998,100.5,100.4903,-0.0095
149.79994008,100.5,100.4904,-0.0095
149.83994006400002,100.5,100.4903,-0.0096
149.879940048,100.5,100.4903,-0.0096
149.919940032,100.5,100.4903,-0.0095
149.959940016,100.5,100.4904,-0.0095
149.99994,100.5,100.4904,-0.0095
150.039939984,100.5,100.4903,-0.0096
150.07993996800002,100.5,100.4903,-0.0096
150.11993995199998,100.5,100.4903,-0.0096
150.159939936,100.5,100.4903,-0.0096
150.19993992,100.5,100.4903,-0.0096
150.239939904,100.5,100.4903,-0.0096
150.279939888,100.5,100.4903,-0.0096
150.319939872,100.5,100.4903,-0.0096
150.35993985599998,100.5,100.4902,-0.0096
150.39993984,100.5,100.4903,-0.0096
150.439939824,100.5,100.4903,-0.0096
150.479939808,100.5,100.4903,-0.0096
150.51993979199997,100.5,100.4903,-0.0096
150.559939776,100.5,100.4904,-0.0095
150.59993975999998,100.5,100.4903,-0.0096
150.639939744,100.5,100.4903,-0.0096
150.679939728,100.5,100.4903,-0.0096
150.719939712,100.5,100.4903,-0.0096
150.759939696,100.5,100.4903,-0.0096
150.79993968,100.5,100.4903,-0.0096
150.839939664,100.5,100.4903,-0.0096
150.879939648,100.5,100.4903,-0.0096
150.91993963200002,100.5,100.4903,-0.0096
150.95993961599999,100.5,100.4903,-0.0096
150.9999396,100.5,100.4903,-0.0096
151.039939584,100.5,100.4902,-0.0097
151.07993956800001,100.5,100.4903,-0.0096
151.119939552,100.5,100.4903,-0.0096
151.159939536,100.5,100.4903,-0.0096
151.19993952,100.5,100.4903,-0.0096
151.239939504,100.5,100.4903,-0.0096
151.279939488,100.5,100.4902,-0.0097
151.31993947200002,100.5,100.4903,-0.0096
151.35993945599998,100.5,100.4902,-0.0096
151.39993944,100.5,100.4903,-0.0096
151.439939424,100.5,100.4902,-0.0096
151.479939408,100.5,100.4902,-0.0097
151.519939392,100.5,100.4903,-0.0096
151.559939376,100.5,100.4902,-0.0096
151.59993935999998,100.5,100.4902,-0.0097
151.639939344,100.5,100.4902,-0.0097
151.679939328,100.5,100.4902,-0.0097
151.719939312,100.5,100.4902,-0.0097
151.759939296,100.5,100.4902,-0.0097
151.79993928,100.5,100.4902,-0.0097
151.839939264,100.5,100.4902,-0.0097
151.879939248,100.5,100.4901,-0.0098
151.91993923200002,100.5,100.4901,-0.0098
151.959939216,100.5,100.4901,-0.0098
151.9999392,100.5,100.4901,-0.0098
152.039939184,100.5,100.49,-0.0099
152.079939168,100.5,100.49,-0.0099
152.119939152,100.5,100.49,-0.0099
152.15993913600002,100.5,100.49,-0.0099
152.19993911999998,100.5,100.49,-0.0099
152.239939104,100.5,100.49,-0.0099
152.279939088,100.5,100.49,-0.0099
152.319939072,100.5,100.49,-0.0098
152.359939056,100.5,100.4901,-0.0098
152.39993904,100.5,100.49,-0.0099
152.43993902399998,100.5,100.4901,-0.0098
152.479939008,100.5,100.4901,-0.0098
152.519938992,100.5,100.4901,-0.0098
152.559938976,100.5,100.4901,-0.0098
152.59993895999997,100.5,100.4901,-0.0098
152.639938944,100.5,100.4901,-0.0098
152.67993892799998,100.5,100.49,-0.0098
152.719938912,100.5,100.49,-0.0098
152.759938896,100.5,100.49,-0.0099
152.79993887999998,100.5,100.49,-0.0099
152.839938864,100.5,100.49,-0.0099
152.879938848,100.5,100.49,-0.0099
152.919938832,100.5,100.49,-0.0099
152.959938816,100.5,100.49,-0.0099
152.9999388,100.5,100.4899,-0.01
153.039938784,100.5,100.49,-0.0099
153.079938768,100.5,100.4899,-0.01
153.119938752,100.5,100.4899,-0.01
153.15993873600002,100.5,100.4899,-0.01
153.19993871999998,100.5,100.4898,-0.0101
153.239938704,100.5,100.4898,-0.01
153.279938688,100.5,100.4898,-0.0101
153.319938672,100.5,100.4898,-0.0101
153.359938656,100.5,100.4898,-0.0101
153.39993864000002,100.5,100.4898,-0.0101
153.43993862399998,100.5,100.4898,-0.0101
153.479938608,100.5,100.4898,-0.0101
153.519938592,100.5,100.4898,-0.01
153.559938576,100.5,100.4898,-0.01
153.59993856,100.5,100.4898,-0.0101
153.639938544,100.5,100.4898,-0.0101
153.67993852799998,100.5,100.4898,-0.0101
153.719938512,100.5,100.4897,-0.0102
153.75993849600002,100.5,100.4897,-0.0102
153.79993848,100.5,100.4897,-0.0102
153.839938464,100.5,100.4897,-0.0102
153.879938448,100.5,100.4897,-0.0102
153.919938432,100.5,100.4897,-0.0102
153.959938416,100.5,100.4897,-0.0102
153.99993840000002,100.5,100.4897,-0.0102
154.03993838399998,100.5,100.4897,-0.0102
154.079938368,100.5,100.4896,-0.0102
154.119938352,100.5,100.4896,-0.0102
154.159938336,100.5,100.4897,-0.0102
154.19993832,100.5,100.4897,-0.0102
154.239938304,100.5,100.4897,-0.0102
154.27993828799998,100.5,100.4897,-0.0102
154.319938272,100.5,100.4897,-0.0102
154.359938256,100.5,100.4897,-0.0102
154.39993824,100.5,100.4897,-0.0102
154.43993822399997,100.5,100.4897,-0.0102
154.479938208,100.5,100.4897,-0.0102
154.51993819199998,100.5,100.4896,-0.0102
154.559938176,100.5,100.4896,-0.0103
154.59993816,100.5,100.4896,-0.0103
154.639938144,100.5,100.4896,-0.0103
154.67993812799997,100.5,100.4896,-0.0103
154.719938112,100.5,100.4895,-0.0104
154.759938096,100.5,100.4895,-0.0104
154.79993808,100.5,100.4895,-0.0103
154.83993806400002,100.5,100.4896,-0.0103
154.87993804799999,100.5,100.4895,-0.0104
154.919938032,100.5,100.4895,-0.0104
154.959938016,100.5,100.4895,-0.0104
154.99993800000001,100.5,100.4894,-0.0105
155.039937984,100.5,100.4895,-0.0104
155.079937968,100.5,100.4894,-0.0105
155.119937952,100.5,100.4894,-0.0105
155.159937936,100.5,100.4894,-0.0105
155.19993792,100.5,100.4894,-0.0105
155.23993790400002,100.5,100.4894,-0.0105
155.27993788799998,100.5,100.4894,-0.0105
155.319937872,100.5,100.4894,-0.0105
155.359937856,100.5,100.4893,-0.0105
155.39993784,100.5,100.4893,-0.0105
155.439937824,100.5,100.4893,-0.0106
155.479937808,100.5,100.4893,-0.0106
155.51993779199998,100.5,100.4892,-0.0107
155.559937776,100.5,100.4892,-0.0107
155.59993776,100.5,100.4892,-0.0107
155.639937744,100.5,100.4892,-0.0107
155.67993772799997,100.5,100.4891,-0.0108
155.719937712,100.5,100.489,-0.0109
155.759937696,100.5,100.489,-0.0109
155.79993768,100.5,100.489,-0.0109
155.83993766400002,100.5,100.489,-0.0109
155.879937648,100.5,100.4889,-0.011
155.919937632,100.5,100.4889,-0.011
155.959937616,100.5,100.4888,-0.0111
155.9999376,100.5,100.4888,-0.0111
156.039937584,100.5,100.4887,-0.0112
156.07993756800002,100.5,100.4886,-0.0112
156.11993755199998,100.5,100.4886,-0.0113
156.159937536,100.5,100.4886,-0.0113
156.19993752,100.5,100.4885,-0.0114
156.239937504,100.5,100.4885,-0.0114
156.279937488,100.5,100.4884,-0.0115
156.319937472,100.5,100.4884,-0.0115
156.35993745599998,100.5,100.4884,-0.0115
156.39993744,100.5,100.4883,-0.0116
156.439937424,100.5,100.4883,-0.0116
156.479937408,100.5,100.4882,-0.0117
156.51993739199997,100.5,100.4882,-0.0117
156.559937376,100.5,100.4882,-0.0117
156.59993735999998,100.5,100.4882,-0.0117
156.639937344,100.5,100.4881,-0.0118
156.679937328,100.5,100.4881,-0.0118
156.71993731199998,100.5,100.488,-0.0118
156.759937296,100.5,100.488,-0.0119
156.79993728,100.5,100.488,-0.0119
156.839937264,100.5,100.488,-0.0119
156.879937248,100.5,100.488,-0.0119
156.919937232,100.5,100.488,-0.0119
156.959937216,100.5,100.488,-0.0119
156.9999372,100.5,100.4879,-0.012
157.039937184,100.5,100.4879,-0.0119
157.07993716800001,100.5,100.4879,-0.012
157.119937152,100.5,100.4878,-0.0121
157.159937136,100.5,100.4878,-0.0121
157.19993712,100.5,100.4878,-0.0121
157.239937104,100.5,100.4878,-0.0121
157.279937088,100.5,100.4877,-0.0121
157.31993707200002,100.5,100.4877,-0.0121
157.35993705599998,100.5,100.4877,-0.0121
157.39993704,100.5,100.4877,-0.0122
157.439937024,100.5,100.4877,-0.0122
157.479937008,100.5,100.4877,-0.0122
157.519936992,100.5,100.4876,-0.0122
157.559936976,100.5,100.4876,-0.0123
157.59993695999998,100.5,100.4876,-0.0123
157.639936944,100.5,100.4876,-0.0123
157.679936928,100.5,100.4876,-0.0123
157.719936912,100.5,100.4876,-0.0123
157.759936896,100.5,100.4876,-0.0123
157.79993688,100.5,100.4876,-0.0123
157.839936864,100.5,100.4875,-0.0124
157.879936848,100.5,100.4875,-0.0124
157.91993683200002,100.5,100.4875,-0.0124
157.95993681599998,100.5,100.4875,-0.0124
157.9999368,100.5,100.4875,-0.0124
158.039936784,100.5,100.4875,-0.0124
158.079936768,100.5,100.4875,-0.0124
158.119936752,100.5,100.4875,-0.0124
158.159936736,100.5,100.4874,-0.0125
158.19993671999998,100.5,100.4874,-0.0125
158.239936704,100.5,100.4873,-0.0125
158.279936688,100.5,100.4874,-0.0125
158.319936672,100.5,100.4874,-0.0125
158.359936656,100.5,100.4873,-0.0126
158.39993664,100.5,100.4873,-0.0126
158.43993662399998,100.5,100.4873,-0.0126
158.479936608,100.5,100.4873,-0.0126
158.519936592,100.5,100.4873,-0.0126
158.559936576,100.5,100.4873,-0.0126
158.59993655999997,100.5,100.4873,-0.0126
158.639936544,100.5,100.4873,-0.0126
158.67993652799998,100.5,100.4873,-0.0125
158.719936512,100.5,100.4873,-0.0126
158.75993649600002,100.5,100.4873,-0.0126
158.79993647999999,100.5,100.4874,-0.0125
158.839936464,100.5,100.4874,-0.0125
158.879936448,100.5,100.4874,-0.0125
158.91993643200001,100.5,100.4875,-0.0124
158.959936416,100.5,100.4874,-0.0125
158.9999364,100.5,100.4875,-0.0124
159.039936384,100.5,100.4875,-0.0124
159.079936368,100.5,100.4875,-0.0124
159.119936352,100.5,100.4876,-0.0123
159.15993633600002,100.5,100.4875,-0.0124
159.19993631999998,100.5,100.4876,-0.0123
159.239936304,100.5,100.4876,-0.0122
159.279936288,100.5,100.4877,-0.0122
159.319936272,100.5,100.4877,-0.0122
159.359936256,100.5,100.4877,-0.0121
159.39993624,100.5,100.4878,-0.0121
159.43993622399998,100.5,100.4878,-0.0121
159.479936208,100.5,100.4878,-0.0121
159.519936192,100.5,100.4878,-0.0121
159.559936176,100.5,100.4879,-0.012
159.59993616,100.5,100.4879,-0.0119
159.639936144,100.5,100.4879,-0.0119
159.67993612799998,100.5,100.488,-0.0118
159.719936112,100.5,100.4881,-0.0118
159.75993609600002,100.5,100.4881,-0.0118
159.79993608,100.5,100.4881,-0.0118
159.839936064,100.5,100.4881,-0.0118
159.879936048,100.5,100.4882,-0.0117
159.919936032,100.5,100.4882,-0.0117
159.959936016,100.5,100.4882,-0.0117
159.99993600000002,100.5,100.4882,-0.0117
160.03993598399998,100.5,100.4882,-0.0116
160.079935968,100.5,100.4883,-0.0116
160.119935952,100.5,100.4883,-0.0116
160.159935936,100.5,100.4883,-0.0116
160.19993592,100.5,100.4884,-0.0115
160.239935904,100.5,100.4884,-0.0115
160.27993588799998,100.5,100.4884,-0.0115
160.319935872,100.5,100.4885,-0.0114
160.359935856,100.5,100.4885,-0.0114
160.39993584,100.5,100.4885,-0.0114
160.43993582399997,100.5,100.4885,-0.0114
160.479935808,100.5,100.4885,-0.0113
160.51993579199998,100.5,100.4886,-0.0113
160.559935776,100.5,100.4886,-0.0113
160.59993576,100.5,100.4887,-0.0112
160.63993574399998,100.5,100.4887,-0.0112
160.67993572799998,100.5,100.4887,-0.0112
160.719935712,100.5,100.4888,-0.0111
160.759935696,100.5,100.4888,-0.0111
160.79993568,100.5,100.4888,-0.0111
160.83993566400002,100.5,100.4888,-0.0111
160.879935648,100.5,100.4888,-0.0111
160.919935632,100.5,100.4888,-0.011
160.959935616,100.5,100.4889,-0.011
160.99993560000001,100.5,100.4889,-0.011
161.039935584,100.5,100.4889,-0.011
161.079935568,100.5,100.4889,-0.011
161.119935552,100.5,100.4889,-0.011
161.159935536,100.5,100.4889,-0.011
161.19993552,100.5,100.489,-0.0109
161.23993550400002,100.5,100.4889,-0.011
161.27993548799998,100.5,100.4889,-0.011
161.319935472,100.5,100.489,-0.0109
161.359935456,100.5,100.489,-0.0109
161.39993544,100.5,100.489,-0.0109
161.439935424,100.5,100.4891,-0.0108
161.479935408,100.5,100.4891,-0.0108
161.51993539199998,100.5,100.4892,-0.0107
161.559935376,100.5,100.4892,-0.0107
161.59993536,100.5,100.4892,-0.0106
161.639935344,100.5,100.4893,-0.0106
161.679935328,100.5,100.4893,-0.0106
161.719935312,100.5,100.4893,-0.0106
161.759935296,100.5,100.4893,-0.0105
161.79993528,100.5,100.4894,-0.0105
161.83993526400002,100.5,100.4894,-0.0105
161.87993524799998,100.5,100.4894,-0.0105
161.919935232,100.5,100.4895,-0.0104
161.959935216,100.5,100.4895,-0.0104
161.9999352,100.5,100.4895,-0.0104
162.039935184,100.5,100.4895,-0.0104
162.07993516800002,100.5,100.4896,-0.0103
162.11993515199998,100.5,100.4896,-0.0103
162.159935136,100.5,100.4896,-0.0103
162.19993512,100.5,100.4897,-0.0102
162.239935104,100.5,100.4897,-0.0102
162.279935088,100.5,100.4897,-0.0102
162.319935072,100.5,100.4898,-0.0101
162.35993505599998,100.5,100.4898,-0.0101
162.39993504,100.5,100.4898,-0.0101
162.439935024,100.5,100.4898,-0.0101
162.479935008,100.5,100.4898,-0.0101
162.51993499199997,100.5,100.4898,-0.0101
162.559934976,100.5,100.4898,-0.0101
162.59993495999998,100.5,100.4898,-0.01
162.639934944,100.5,100.4898,-0.01
162.679934928,100.5,100.4899,-0.01
162.71993491199999,100.5,100.4899,-0.01
162.759934896,100.5,100.4899,-0.01
162.79993488,100.5,100.4899,-0.01
162.839934864,100.5,100.4899,-0.01
162.879934848,100.5,100.4899,-0.01
162.919934832,100.5,100.4899,-0.01
162.959934816,100.5,100.4899,-0.01
162.9999348,100.5,100.4899,-0.01
163.039934784,100.5,100.4899,-0.01
163.07993476800002,100.5,100.4899,-0.01
163.11993475199998,100.5,100.49,-0.0099
163.159934736,100.5,100.49,-0.0099
163.19993472,100.5,100.49,-0.0099
163.239934704,100.5,100.49,-0.0099
163.279934688,100.5,100.49,-0.0099
163.31993467200002,100.5,100.49,-0.0099
163.35993465599998,100.5,100.49,-0.0099
163.39993464,100.5,100.49,-0.0099
163.439934624,100.5,100.49,-0.0099
163.479934608,100.5,100.4899,-0.01
163.519934592,100.5,100.4899,-0.01
163.559934576,100.5,100.4899,-0.01
163.59993455999998,100.5,100.4899,-0.01
163.639934544,100.5,100.4899,-0.01
163.679934528,100.5,100.4898,-0.01
163.719934512,100.5,100.4898,-0.01
163.759934496,100.5,100.4898,-0.0101
163.79993448,100.5,100.4898,-0.0101
163.839934464,100.5,100.4897,-0.0102
163.879934448,100.5,100.4897,-0.0102
163.91993443200002,100.5,100.4897,-0.0102
163.95993441599998,100.5,100.4896,-0.0102
163.9999344,100.5,100.4896,-0.0102
164.039934384,100.5,100.4896,-0.0103
164.079934368,100.5,100.4896,-0.0103
164.119934352,100.5,100.4896,-0.0103
164.159934336,100.5,100.4895,-0.0104
164.19993431999998,100.5,100.4895,-0.0103
164.239934304,100.5,100.4896,-0.0103
164.279934288,100.5,100.4895,-0.0104
164.319934272,100.5,100.4896,-0.0103
164.35993425599997,100.5,100.4895,-0.0104
164.39993424,100.5,100.4895,-0.0104
164.43993422399998,100.5,100.4895,-0.0104
164.479934208,100.5,100.4895,-0.0104
164.519934192,100.5,100.4895,-0.0104
164.559934176,100.5,100.4895,-0.0104
164.59993415999998,100.5,100.4894,-0.0105
164.639934144,100.5,100.4895,-0.0104
164.679934128,100.5,100.4894,-0.0105
164.719934112,100.5,100.4894,-0.0105
164.75993409600002,100.5,100.4894,-0.0105
164.79993407999999,100.5,100.4894,-0.0105
164.839934064,100.5,100.4894,-0.0105
164.879934048,100.5,100.4894,-0.0105
164.91993403200001,100.5,100.4894,-0.0105
164.959934016,100.5,100.4894,-0.0105
164.999934,100.5,100.4894,-0.0105
165.039933984,100.5,100.4894,-0.0105
165.079933968,100.5,100.4894,-0.0105
165.119933952,100.5,100.4894,-0.0105
165.15993393600002,100.5,100.4894,-0.0105
165.19993391999998,100.5,100.4894,-0.0105
165.239933904,100.5,100.4894,-0.0105
165.279933888,100.5,100.4893,-0.0106
165.319933872,100.5,100.4893,-0.0106
165.359933856,100.5,100.4893,-0.0106
165.39993384,100.5,100.4892,-0.0107
165.43993382399998,100.5,100.4892,-0.0107
165.479933808,100.5,100.4891,-0.0108
165.519933792,100.5,100.4891,-0.0108
165.559933776,100.5,100.4891,-0.0108
165.59993375999997,100.5,100.4891,-0.0108
165.639933744,100.5,100.4892,-0.0107
165.679933728,100.5,100.4891,-0.0108
165.719933712,100.5,100.4891,-0.0108
165.75993369600002,100.5,100.4891,-0.0108
165.79993368,100.5,100.489,-0.0109
165.839933664,100.5,100.489,-0.0109
165.879933648,100.5,100.489,-0.0109
165.919933632,100.5,100.489,-0.0109
165.959933616,100.5,100.489,-0.0109
165.99993360000002,100.5,100.4889,-0.011
166.03993358399998,100.5,100.4889,-0.011
166.079933568,100.5,100.4889,-0.011
166.119933552,100.5,100.4889,-0.011
166.159933536,100.5,100.4889,-0.011
166.19993352,100.5,100.4889,-0.011
166.239933504,100.5,100.4889,-0.011
166.27993348799998,100.5,100.4889,-0.011
166.319933472,100.5,100.489,-0.0109
166.359933456,100.5,100.489,-0.0109
166.39993344,100.5,100.489,-0.0109
166.43993342399997,100.5,100.4891,-0.0108
166.479933408,100.5,100.489,-0.0109
166.51993339199998,100.5,100.489,-0.0109
166.559933376,100.5,100.4891,-0.0108
166.59993336,100.5,100.4891,-0.0108
166.63993334399999,100.5,100.4891,-0.0108
166.679933328,100.5,100.4891,-0.0108
166.719933312,100.5,100.4891,-0.0108
166.759933296,100.5,100.4891,-0.0108
166.79993328,100.5,100.4891,-0.0108
166.839933264,100.5,100.4892,-0.0107
166.879933248,100.5,100.4892,-0.0107
166.919933232,100.5,100.4892,-0.0107
166.959933216,100.5,100.4893,-0.0106
166.99993320000002,100.5,100.4893,-0.0106
167.039933184,100.5,100.4893,-0.0106
167.079933168,100.5,100.4893,-0.0106
167.119933152,100.5,100.4893,-0.0106
167.159933136,100.5,100.4893,-0.0106
167.19993312,100.5,100.4893,-0.0106
167.23993310400002,100.5,100.4893,-0.0105
167.27993308799998,100.5,100.4893,-0.0105
167.319933072,100.5,100.4894,-0.0105
167.359933056,100.5,100.4895,-0.0104
167.39993304,100.5,100.4894,-0.0105
167.439933024,100.5,100.4895,-0.0104
167.479933008,100.5,100.4895,-0.0104
167.51993299199998,100.5,100.4895,-0.0104
167.559932976,100.5,100.4896,-0.0103
167.59993296,100.5,100.4896,-0.0102
167.639932944,100.5,100.4897,-0.0102
167.679932928,100.5,100.4898,-0.0101
167.719932912,100.5,100.4898,-0.0101
167.759932896,100.5,100.4899,-0.01
167.79993288,100.5,100.4899,-0.01
167.83993286400002,100.5,100.49,-0.0099
167.87993284799998,100.5,100.49,-0.0099
167.919932832,100.5,100.49,-0.0098
167.959932816,100.5,100.4901,-0.0098
167.9999328,100.5,100.4901,-0.0098
168.039932784,100.5,100.4902,-0.0097
168.079932768,100.5,100.4902,-0.0097
168.11993275199998,100.5,100.4902,-0.0097
168.159932736,100.5,100.4902,-0.0096
168.19993272,100.5,100.4903,-0.0096
168.239932704,100.5,100.4903,-0.0096
168.279932688,100.5,100.4902,-0.0096
168.319932672,100.5,100.4902,-0.0097
168.35993265599998,100.5,100.4903,-0.0096
168.39993264,100.5,100.4902,-0.0096
168.439932624,100.5,100.4903,-0.0096
168.479932608,100.5,100.4903,-0.0096
168.51993259199998,100.5,100.4903,-0.0096
168.559932576,100.5,100.4903,-0.0096
168.59993255999998,100.5,100.4903,-0.0096
168.639932544,100.5,100.4903,-0.0096
168.67993252800002,100.5,100.4904,-0.0095
168.71993251199999,100.5,100.4903,-0.0096
168.759932496,100.5,100.4904,-0.0095
168.79993248,100.5,100.4903,-0.0096
168.83993246400001,100.5,100.4903,-0.0096
168.879932448,100.5,100.4903,-0.0096
168.919932432,100.5,100.4904,-0.0095
168.959932416,100.5,100.4904,-0.0095
168.9999324,100.5,100.4904,-0.0095
169.039932384,100.5,100.4904,-0.0095
169.07993236800002,100.5,100.4905,-0.0094
169.11993235199998,100.5,100.4905,-0.0094
169.159932336,100.5,100.4905,-0.0094
169.19993232,100.5,100.4905,-0.0094
169.239932304,100.5,100.4905,-0.0094
169.279932288,100.5,100.4905,-0.0094
169.319932272,100.5,100.4905,-0.0094
169.35993225599998,100.5,100.4905,-0.0094
169.39993224,100.5,100.4904,-0.0094
169.439932224,100.5,100.4905,-0.0094
169.479932208,100.5,100.4905,-0.0094
169.519932192,100.5,100.4904,-0.0094
169.559932176,100.5,100.4904,-0.0094
169.59993215999998,100.5,100.4904,-0.0095
169.639932144,100.5,100.4904,-0.0095
169.67993212800002,100.5,100.4904,-0.0095
169.719932112,100.5,100.4904,-0.0094
169.759932096,100.5,100.4904,-0.0095
169.79993208,100.5,100.4904,-0.0095
169.839932064,100.5,100.4905,-0.0094
169.879932048,100.5,100.4905,-0.0094
169.91993203200002,100.5,100.4905,-0.0094
169.95993201599998,100.5,100.4905,-0.0093
169.999932,100.5,100.4905,-0.0093
170.039931984,100.5,100.4905,-0.0094
170.079931968,100.5,100.4905,-0.0094
170.119931952,100.5,100.4905,-0.0093
170.159931936,100.5,100.4906,-0.0093
170.19993191999998,100.5,100.4906,-0.0093
170.239931904,100.5,100.4906,-0.0093
170.279931888,100.5,100.4906,-0.0093
170.319931872,100.5,100.4906,-0.0093
170.35993185599997,100.5,100.4906,-0.0093
170.39993184,100.5,100.4906,-0.0093
170.43993182399998,100.5,100.4906,-0.0093
170.479931808,100.5,100.4906,-0.0093
170.519931792,100.5,100.4905,-0.0093
170.55993177599998,100.5,100.4905,-0.0093
170.59993176,100.5,100.4906,-0.0093
170.639931744,100.5,100.4905,-0.0093
170.679931728,100.5,100.4905,-0.0094
170.719931712,100.5,100.4905,-0.0094
170.75993169600002,100.5,100.4904,-0.0094
170.79993168,100.5,100.4904,-0.0095
170.839931664,100.5,100.4903,-0.0096
170.879931648,100.5,100.4903,-0.0095
170.91993163200002,100.5,100.4903,-0.0095
170.959931616,100.5,100.4903,-0.0096
170.9999316,100.5,100.4903,-0.0096
171.039931584,100.5,100.4903,-0.0096
171.079931568,100.5,100.4903,-0.0096
171.119931552,100.5,100.4903,-0.0096
171.15993153600002,100.5,100.4902,-0.0096
171.19993151999998,100.5,100.4902,-0.0097
171.239931504,100.5,100.4902,-0.0097
171.279931488,100.5,100.4901,-0.0097
171.319931472,100.5,100.4901,-0.0097
171.359931456,100.5,100.4901,-0.0098
171.39993144,100.5,100.4901,-0.0098
171.43993142399998,100.5,100.4901,-0.0098
171.479931408,100.5,100.4901,-0.0098
171.519931392,100.5,100.4901,-0.0098
171.559931376,100.5,100.4901,-0.0098
171.59993136,100.5,100.4901,-0.0098
171.639931344,100.5,100.4901,-0.0098
171.679931328,100.5,100.4901,-0.0098
171.719931312,100.5,100.4901,-0.0098
171.75993129600002,100.5,100.4901,-0.0098
171.79993127999998,100.5,100.4901,-0.0098
171.839931264,100.5,100.4901,-0.0098
171.879931248,100.5,100.49,-0.0098
171.919931232,100.5,100.49,-0.0098
171.959931216,100.5,100.49,-0.0099
171.99993120000002,100.5,100.49,-0.0099
172.03993118399998,100.5,100.49,-0.0099
172.079931168,100.5,100.49,-0.0099
172.119931152,100.5,100.49,-0.0099
172.159931136,100.5,100.4899,-0.01
172.19993112,100.5,100.4898,-0.01
172.239931104,100.5,100.4898,-0.0101
172.27993108799998,100.5,100.4898,-0.0101
172.319931072,100.5,100.4898,-0.0101
172.359931056,100.5,100.4898,-0.0101
172.39993104,100.5,100.4898,-0.0101
172.43993102399997,100.5,100.4898,-0.01
172.479931008,100.5,100.4899,-0.01
172.51993099199998,100.5,100.4899,-0.01
172.559930976,100.5,100.4899,-0.01
172.59993096,100.5,100.4899,-0.01
172.63993094399999,100.5,100.4899,-0.01
172.679930928,100.5,100.4899,-0.01
172.719930912,100.5,100.4899,-0.01
172.75993089600001,100.5,100.4899,-0.01
172.79993088,100.5,100.4899,-0.01
172.839930864,100.5,100.4898,-0.0101
172.879930848,100.5,100.4898,-0.0101
172.919930832,100.5,100.4898,-0.0101
172.959930816,100.5,100.4898,-0.0101
172.99993080000002,100.5,100.4898,-0.0101
173.03993078399998,100.5,100.4898,-0.0101
173.079930768,100.5,100.4898,-0.0101
173.119930752,100.5,100.4897,-0.0102
173.159930736,100.5,100.4897,-0.0102
173.19993072,100.5,100.4897,-0.0102
173.23993070400002,100.5,100.4897,-0.0102
173.27993068799998,100.5,100.4898,-0.0101
173.319930672,100.5,100.4897,-0.0102
173.359930656,100.5,100.4896,-0.0103
173.39993064,100.5,100.4896,-0.0103
173.439930624,100.5,100.4896,-0.0103
173.479930608,100.5,100.4896,-0.0103
173.51993059199998,100.5,100.4895,-0.0104
173.559930576,100.5,100.4895,-0.0104
173.59993056000002,100.5,100.4895,-0.0104
173.639930544,100.5,100.4895,-0.0104
173.679930528,100.5,100.4895,-0.0104
173.719930512,100.5,100.4895,-0.0104
173.759930496,100.5,100.4895,-0.0104
173.79993048,100.5,100.4895,-0.0104
173.83993046400002,100.5,100.4895,-0.0104
173.87993044799998,100.5,100.4895,-0.0104
173.919930432,100.5,100.4895,-0.0104
173.959930416,100.5,100.4895,-0.0104
173.9999304,100.5,100.4895,-0.0104
174.039930384,100.5,100.4894,-0.0105
174.079930368,100.5,100.4894,-0.0105
174.11993035199998,100.5,100.4894,-0.0105
174.159930336,100.5,100.4893,-0.0105
174.19993032,100.5,100.4893,-0.0106
174.239930304,100.5,100.4893,-0.0106
174.27993028799997,100.5,100.4892,-0.0107
174.319930272,100.5,100.4892,-0.0107
174.35993025599998,100.5,100.4892,-0.0107
174.39993024,100.5,100.4892,-0.0107
174.439930224,100.5,100.4892,-0.0107
174.479930208,100.5,100.4892,-0.0107
174.51993019199998,100.5,100.4892,-0.0107
174.559930176,100.5,100.4892,-0.0107
174.59993016,100.5,100.4891,-0.0108
174.639930144,100.5,100.4891,-0.0108
174.67993012800002,100.5,100.489,-0.0109
174.719930112,100.5,100.4889,-0.011
174.759930096,100.5,100.4889,-0.011
174.79993008,100.5,100.4889,-0.011
174.83993006400001,100.5,100.4889,-0.011
174.879930048,100.5,100.4889,-0.011
174.919930032,100.5,100.4888,-0.011
174.959930016,100.5,100.4888,-0.0111
174.99993,100.5,100.4888,-0.0111
175.039929984,100.5,100.4887,-0.0112
175.07992996800002,100.5,100.4887,-0.0112
175.11992995199998,100.5,100.4887,-0.0112
175.159929936,100.5,100.4886,-0.0113
175.19992992,100.5,100.4886,-0.0113
175.239929904,100.5,100.4886,-0.0113
175.279929888,100.5,100.4885,-0.0113
175.319929872,100.5,100.4885,-0.0114
175.35992985599998,100.5,100.4885,-0.0114
175.39992984,100.5,100.4885,-0.0114
175.439929824,100.5,100.4886,-0.0113
175.479929808,100.5,100.4885,-0.0114
175.51992979199997,100.5,100.4885,-0.0114
175.559929776,100.5,100.4885,-0.0114
175.59992976,100.5,100.4884,-0.0115
175.639929744,100.5,100.4883,-0.0116
175.67992972800002,100.5,100.4883,-0.0116
175.71992971199998,100.5,100.4882,-0.0117
175.759929696,100.5,100.4882,-0.0117
175.79992968,100.5,100.4882,-0.0117
175.839929664,100.5,100.4882,-0.0117
175.879929648,100.5,100.4882,-0.0117
175.91992963200002,100.5,100.4882,-0.0117
175.95992961599998,100.5,100.4881,-0.0118
175.9999296,100.5,100.488,-0.0119
176.039929584,100.5,100.488,-0.0118
176.079929568,100.5,100.488,-0.0119
176.119929552,100.5,100.488,-0.0119
176.159929536,100.5,100.488,-0.0119
176.19992951999998,100.5,100.4879,-0.012
176.239929504,100.5,100.4879,-0.012
176.279929488,100.5,100.4879,-0.012
176.319929472,100.5,100.4878,-0.0121
176.35992945599997,100.5,100.4878,-0.0121
176.39992944,100.5,100.4877,-0.0121
176.43992942399998,100.5,100.4877,-0.0122
176.479929408,100.5,100.4877,-0.0122
176.519929392,100.5,100.4877,-0.0121
176.55992937599999,100.5,100.4878,-0.0121
176.59992936,100.5,100.4877,-0.0121
176.639929344,100.5,100.4877,-0.0121
176.67992932800001,100.5,100.4877,-0.0122
176.719929312,100.5,100.4877,-0.0122
176.759929296,100.5,100.4878,-0.0121
176.79992928,100.5,100.4877,-0.0122
176.839929264,100.5,100.4877,-0.0122
176.879929248,100.5,100.4877,-0.0122
176.91992923200002,100.5,100.4877,-0.0122
176.95992921599998,100.5,100.4876,-0.0122
176.9999292,100.5,100.4876,-0.0123
177.039929184,100.5,100.4876,-0.0123
177.079929168,100.5,100.4875,-0.0124
177.119929152,100.5,100.4875,-0.0124
177.15992913600002,100.5,100.4875,-0.0124
177.19992911999998,100.5,100.4875,-0.0124
177.239929104,100.5,100.4875,-0.0124
177.279929088,100.5,100.4875,-0.0124
177.319929072,100.5,100.4874,-0.0125
177.359929056,100.5,100.4874,-0.0125
177.39992904,100.5,100.4874,-0.0125
177.43992902399998,100.5,100.4874,-0.0125
177.479929008,100.5,100.4873,-0.0125
177.519928992,100.5,100.4873,-0.0126
177.559928976,100.5,100.4873,-0.0126
177.59992896,100.5,100.4873,-0.0126
177.639928944,100.5,100.4873,-0.0126
177.679928928,100.5,100.4873,-0.0126
177.719928912,100.5,100.4873,-0.0126
177.75992889600002,100.5,100.4873,-0.0126
177.79992887999998,100.5,100.4873,-0.0126
177.839928864,100.5,100.4873,-0.0126
177.879928848,100.5,100.4873,-0.0125
177.919928832,100.5,100.4873,-0.0125
177.959928816,100.5,100.4873,-0.0125
177.9999288,100.5,100.4873,-0.0126
178.03992878399998,100.5,100.4873,-0.0126
178.079928768,100.5,100.4873,-0.0126
178.119928752,100.5,100.4873,-0.0126
178.159928736,100.5,100.4874,-0.0125
178.19992871999997,100.5,100.4874,-0.0125
178.239928704,100.5,100.4875,-0.0124
178.27992868799998,100.5,100.4875,-0.0124
178.319928672,100.5,100.4875,-0.0124
178.359928656,100.5,100.4876,-0.0123
178.39992864,100.5,100.4876,-0.0123
178.43992862399998,100.5,100.4876,-0.0123
178.479928608,100.5,100.4876,-0.0123
178.51992859199999,100.5,100.4877,-0.0122
178.559928576,100.5,100.4877,-0.0122
178.59992856000002,100.5,100.4877,-0.0122
178.63992854399999,100.5,100.4877,-0.0122
178.679928528,100.5,100.4877,-0.0122
178.719928512,100.5,100.4877,-0.0122
178.75992849600001,100.5,100.4878,-0.0121
178.79992848,100.5,100.4878,-0.0121
178.839928464,100.5,100.4879,-0.012
178.879928448,100.5,100.4878,-0.0121
178.919928432,100.5,100.4879,-0.012
178.959928416,100.5,100.4879,-0.012
178.99992840000002,100.5,100.4879,-0.012
179.03992838399998,100.5,100.4879,-0.012
179.079928368,100.5,100.4879,-0.012
179.119928352,100.5,100.4879,-0.012
179.159928336,100.5,100.4879,-0.012
179.19992832,100.5,100.4879,-0.0119
179.239928304,100.5,100.488,-0.0119
179.27992828799998,100.5,100.488,-0.0119
179.319928272,100.5,100.488,-0.0119
179.359928256,100.5,100.488,-0.0119
179.39992824,100.5,100.488,-0.0119
179.43992822399997,100.5,100.488,-0.0119
179.479928208,100.5,100.488,-0.0119
179.51992819199998,100.5,100.488,-0.0119
179.559928176,100.5,100.4881,-0.0118
179.59992816000002,100.5,100.488,-0.0118
179.639928144,100.5,100.488,-0.0119
179.679928128,100.5,100.488,-0.0118
179.719928112,100.5,100.488,-0.0119
179.759928096,100.5,100.4881,-0.0118
179.79992808,100.5,100.488,-0.0119
179.83992806400002,100.5,100.488,-0.0118
179.87992804799998,100.5,100.4881,-0.0118
179.919928032,100.5,100.4881,-0.0118
179.959928016,100.5,100.4881,-0.0118
179.999928,100.5,100.4881,-0.0118
180.039927984,100.5,100.4881,-0.0118
180.079927968,100.5,100.4881,-0.0118
180.11992795199998,100.5,100.4881,-0.0118
180.159927936,100.5,100.4882,-0.0117
180.19992792,100.5,100.4882,-0.0117
180.239927904,100.5,100.4883,-0.0116
180.27992788799997,100.5,100.4883,-0.0116
180.319927872,100.5,100.4884,-0.0115
180.35992785599998,100.5,100.4884,-0.0115
180.39992784,100.5,100.4884,-0.0115
180.439927824,100.5,100.4885,-0.0114
180.47992780799999,100.5,100.4885,-0.0114
180.51992779199998,100.5,100.4885,-0.0114
180.559927776,100.5,100.4885,-0.0113
180.59992776,100.5,100.4886,-0.0113
180.639927744,100.5,100.4886,-0.0113
180.679927728,100.5,100.4886,-0.0113
180.719927712,100.5,100.4887,-0.0112
180.759927696,100.5,100.4887,-0.0112
180.79992768,100.5,100.4887,-0.0112
180.83992766400002,100.5,100.4887,-0.0112
180.879927648,100.5,100.4887,-0.0112
180.919927632,100.5,100.4887,-0.0112
180.959927616,100.5,100.4887,-0.0112
180.9999276,100.5,100.4887,-0.0112
181.039927584,100.5,100.4887,-0.0112
181.07992756800002,100.5,100.4888,-0.0111
181.11992755199998,100.5,100.4888,-0.0111
181.159927536,100.5,100.4888,-0.0111
181.19992752,100.5,100.4889,-0.011
181.239927504,100.5,100.4889,-0.011
181.279927488,100.5,100.4889,-0.011
181.319927472,100.5,100.4889,-0.011
181.35992745599998,100.5,100.489,-0.0109
181.39992744,100.5,100.4889,-0.011
181.439927424,100.5,100.4889,-0.011
181.479927408,100.5,100.4889,-0.011
181.519927392,100.5,100.489,-0.0109
181.559927376,100.5,100.489,-0.0109
181.59992736,100.5,100.489,-0.0109
181.639927344,100.5,100.489,-0.0109
181.67992732800002,100.5,100.489,-0.0109
181.71992731199998,100.5,100.4889,-0.011
181.759927296,100.5,100.489,-0.0109
181.79992728,100.5,100.489,-0.0109
181.839927264,100.5,100.489,-0.0109
181.879927248,100.5,100.489,-0.0109
181.919927232,100.5,100.489,-0.0109
181.95992721599998,100.5,100.489,-0.0109
181.9999272,100.5,100.489,-0.0109
182.039927184,100.5,100.489,-0.0109
182.079927168,100.5,100.489,-0.0109
182.119927152,100.5,100.489,-0.0109
182.159927136,100.5,100.489,-0.0109
182.19992711999998,100.5,100.4891,-0.0108
182.239927104,100.5,100.4891,-0.0108
182.279927088,100.5,100.4891,-0.0108
182.319927072,100.5,100.4891,-0.0108
182.35992705599998,100.5,100.4891,-0.0108
182.39992704,100.5,100.4891,-0.0108
182.43992702399999,100.5,100.4891,-0.0108
182.479927008,100.5,100.4892,-0.0107
182.519926992,100.5,100.4892,-0.0107
182.55992697599999,100.5,100.4892,-0.0107
182.59992696,100.5,100.4893,-0.0106
182.639926944,100.5,100.4893,-0.0106
182.67992692800001,100.5,100.4893,-0.0106
182.719926912,100.5,100.4894,-0.0105
182.759926896,100.5,100.4894,-0.0105
182.79992688,100.5,100.4894,-0.0105
182.839926864,100.5,100.4895,-0.0104
182.879926848,100.5,100.4895,-0.0104
182.91992683200002,100.5,100.4895,-0.0103
182.95992681599998,100.5,100.4895,-0.0103
182.9999268,100.5,100.4896,-0.0103
183.039926784,100.5,100.4896,-0.0103
183.079926768,100.5,100.4896,-0.0103
183.119926752,100.5,100.4897,-0.0102
183.159926736,100.5,100.4897,-0.0102
183.19992671999998,100.5,100.4897,-0.0102
183.239926704,100.5,100.4898,-0.0101
183.279926688,100.5,100.4897,-0.0102
183.319926672,100.5,100.4898,-0.0101
183.359926656,100.5,100.4898,-0.0101
183.39992664,100.5,100.4898,-0.0101
183.43992662399998,100.5,100.4898,-0.0101
183.479926608,100.5,100.4897,-0.0102
183.519926592,100.5,100.4897,-0.0102
183.559926576,100.5,100.4897,-0.0102
183.59992656,100.5,100.4897,-0.0102
183.639926544,100.5,100.4897,-0.0102
183.679926528,100.5,100.4896,-0.0102
183.719926512,100.5,100.4897,-0.0102
183.75992649600002,100.5,100.4896,-0.0103
183.79992647999998,100.5,100.4896,-0.0102
183.839926464,100.5,100.4896,-0.0103
183.879926448,100.5,100.4896,-0.0103
183.919926432,100.5,100.4896,-0.0103
183.959926416,100.5,100.4896,-0.0103
183.9999264,100.5,100.4896,-0.0103
184.03992638399998,100.5,100.4896,-0.0103
184.079926368,100.5,100.4896,-0.0103
184.119926352,100.5,100.4896,-0.0103
184.159926336,100.5,100.4896,-0.0103
184.19992631999997,100.5,100.4896,-0.0102
184.239926304,100.5,100.4896,-0.0102
184.27992628799998,100.5,100.4896,-0.0103
184.319926272,100.5,100.4896,-0.0103
184.359926256,100.5,100.4896,-0.0103
184.39992623999999,100.5,100.4896,-0.0103
184.43992622399998,100.5,100.4896,-0.0103
184.479926208,100.5,100.4896,-0.0103
184.519926192,100.5,100.4895,-0.0104
184.559926176,100.5,100.4895,-0.0104
184.59992616000002,100.5,100.4895,-0.0104
184.639926144,100.5,100.4895,-0.0104
184.679926128,100.5,100.4895,-0.0104
184.719926112,100.5,100.4894,-0.0105
184.75992609600002,100.5,100.4894,-0.0105
184.79992608,100.5,100.4894,-0.0105
184.839926064,100.5,100.4894,-0.0105
184.879926048,100.5,100.4895,-0.0104
184.919926032,100.5,100.4895,-0.0104
184.959926016,100.5,100.4895,-0.0104
184.99992600000002,100.5,100.4895,-0.0104
185.03992598399998,100.5,100.4895,-0.0104
185.079925968,100.5,100.4895,-0.0104
185.119925952,100.5,100.4895,-0.0104
185.159925936,100.5,100.4896,-0.0103
185.19992592,100.5,100.4895,-0.0103
185.239925904,100.5,100.4896,-0.0103
185.27992588799998,100.5,100.4896,-0.0103
185.319925872,100.5,100.4896,-0.0103
185.359925856,100.5,100.4896,-0.0103
185.39992584,100.5,100.4895,-0.0103
185.43992582399997,100.5,100.4895,-0.0103
185.479925808,100.5,100.4895,-0.0104
185.519925792,100.5,100.4895,-0.0104
185.559925776,100.5,100.4895,-0.0104
185.59992576000002,100.5,100.4895,-0.0104
185.63992574399998,100.5,100.4894,-0.0105
185.679925728,100.5,100.4894,-0.0105
185.719925712,100.5,100.4894,-0.0105
185.759925696,100.5,100.4894,-0.0105
185.79992568,100.5,100.4893,-0.0106
185.83992566400002,100.5,100.4893,-0.0106
185.87992564799998,100.5,100.4893,-0.0106
185.919925632,100.5,100.4893,-0.0106
185.959925616,100.5,100.4893,-0.0106
185.9999256,100.5,100.4893,-0.0106
186.039925584,100.5,100.4892,-0.0107
186.079925568,100.5,100.4892,-0.0107
186.11992555199998,100.5,100.4891,-0.0108
186.159925536,100.5,100.4891,-0.0108
186.19992552,100.5,100.489,-0.0109
186.239925504,100.5,100.489,-0.0109
186.27992548799998,100.5,100.489,-0.0109
186.319925472,100.5,100.489,-0.0109
186.35992545599998,100.5,100.4889,-0.011
186.39992544,100.5,100.4889,-0.011
186.439925424,100.5,100.4889,-0.011
186.47992540799999,100.5,100.4889,-0.011
186.519925392,100.5,100.4889,-0.011
186.559925376,100.5,100.489,-0.0109
186.59992536000001,100.5,100.489,-0.0109
186.639925344,100.5,100.489,-0.0109
186.679925328,100.5,100.489,-0.0109
186.719925312,100.5,100.489,-0.0109
186.759925296,100.5,100.4891,-0.0108
186.79992528,100.5,100.4891,-0.0108
186.83992526400002,100.5,100.4891,-0.0108
186.87992524799998,100.5,100.4891,-0.0108
186.919925232,100.5,100.4891,-0.0108
186.959925216,100.5,100.4891,-0.0108
186.9999252,100.5,100.4891,-0.0108
187.039925184,100.5,100.4891,-0.0108
187.07992516800002,100.5,100.4891,-0.0108
187.11992515199998,100.5,100.4891,-0.0108
187.159925136,100.5,100.4891,-0.0108
187.19992512,100.5,100.4891,-0.0108
187.239925104,100.5,100.4891,-0.0108
187.279925088,100.5,100.4891,-0.0108
187.319925072,100.5,100.4891,-0.0108
187.35992505599998,100.5,100.4891,-0.0108
187.39992504,100.5,100.489,-0.0109
187.439925024,100.5,100.489,-0.0109
187.479925008,100.5,100.4891,-0.0108
187.519924992,100.5,100.4891,-0.0108
187.559924976,100.5,100.4891,-0.0108
187.59992496,100.5,100.4891,-0.0108
187.639924944,100.5,100.4891,-0.0108
187.67992492800002,100.5,100.4891,-0.0108
187.71992491199998,100.5,100.4891,-0.0108
187.759924896,100.5,100.4891,-0.0108
187.79992488,100.5,100.4891,-0.0108
187.839924864,100.5,100.4892,-0.0107
187.879924848,100.5,100.4892,-0.0107
187.919924832,100.5,100.4892,-0.0107
187.95992481599998,100.5,100.4892,-0.0107
187.9999248,100.5,100.4893,-0.0106
188.039924784,100.5,100.4893,-0.0106
188.079924768,100.5,100.4893,-0.0106
188.11992475199997,100.5,100.4893,-0.0106
188.159924736,100.5,100.4893,-0.0106
188.19992471999998,100.5,100.4893,-0.0105
188.239924704,100.5,100.4893,-0.0106
188.279924688,100.5,100.4893,-0.0105
188.319924672,100.5,100.4893,-0.0105
188.35992465599998,100.5,100.4893,-0.0106
188.39992464,100.5,100.4893,-0.0106
188.43992462399999,100.5,100.4893,-0.0106
188.479924608,100.5,100.4893,-0.0106
188.51992459200002,100.5,100.4893,-0.0106
188.559924576,100.5,100.4893,-0.0106
188.59992456,100.5,100.4892,-0.0106
188.639924544,100.5,100.4892,-0.0107
188.67992452800002,100.5,100.4892,-0.0106
188.719924512,100.5,100.4892,-0.0107
188.759924496,100.5,100.4892,-0.0107
188.79992448,100.5,100.4893,-0.0106
188.839924464,100.5,100.4893,-0.0106
188.879924448,100.5,100.4893,-0.0106
188.91992443200002,100.5,100.4893,-0.0106
188.95992441599998,100.5,100.4893,-0.0105
188.9999244,100.5,100.4894,-0.0105
189.039924384,100.5,100.4894,-0.0105
189.079924368,100.5,100.4893,-0.0105
189.119924352,100.5,100.4893,-0.0106
189.159924336,100.5,100.4893,-0.0106
189.19992431999998,100.5,100.4893,-0.0106
189.239924304,100.5,100.4893,-0.0106
189.279924288,100.5,100.4893,-0.0106
189.319924272,100.5,100.4893,-0.0105
189.35992425599997,100.5,100.4894,-0.0105
189.39992424,100.5,100.4894,-0.0105
189.43992422399998,100.5,100.4894,-0.0105
189.479924208,100.5,100.4895,-0.0104
189.51992419200002,100.5,100.4894,-0.0105
189.559924176,100.5,100.4894,-0.0105
189.59992416,100.5,100.4894,-0.0105
189.639924144,100.5,100.4893,-0.0105
189.679924128,100.5,100.4894,-0.0105
189.719924112,100.5,100.4893,-0.0106
189.75992409600002,100.5,100.4892,-0.0107
189.79992407999998,100.5,100.4892,-0.0107
189.839924064,100.5,100.4891,-0.0108
189.879924048,100.5,100.4891,-0.0108
189.919924032,100.5,100.4891,-0.0108
189.959924016,100.5,100.489,-0.0109
189.999924,100.5,100.489,-0.0109
190.03992398399998,100.5,100.489,-0.0109
190.079923968,100.5,100.489,-0.0109
190.119923952,100.5,100.489,-0.0109
190.159923936,100.5,100.489,-0.0109
190.19992391999997,100.5,100.4889,-0.011
190.239923904,100.5,100.4889,-0.011
190.27992388799998,100.5,100.4889,-0.011
190.319923872,100.5,100.4889,-0.011
190.359923856,100.5,100.4889,-0.011
190.39992383999999,100.5,100.4889,-0.011
190.439923824,100.5,100.4889,-0.011
190.479923808,100.5,100.4888,-0.0111
190.51992379200001,100.5,100.4888,-0.0111
190.559923776,100.5,100.4888,-0.0111
190.59992376,100.5,100.4888,-0.0111
190.639923744,100.5,100.4887,-0.0112
190.679923728,100.5,100.4887,-0.0112
190.719923712,100.5,100.4887,-0.0112
190.75992369600002,100.5,100.4886,-0.0112
190.79992368,100.5,100.4886,-0.0113
190.839923664,100.5,100.4886,-0.0113
190.879923648,100.5,100.4886,-0.0113
190.919923632,100.5,100.4886,-0.0113
190.959923616,100.5,100.4886,-0.0113
190.99992360000002,100.5,100.4886,-0.0113
191.03992358399998,100.5,100.4886,-0.0113
191.079923568,100.5,100.4885,-0.0114
191.119923552,100.5,100.4885,-0.0114
191.159923536,100.5,100.4884,-0.0114
191.19992352,100.5,100.4884,-0.0115
191.239923504,100.5,100.4883,-0.0116
191.27992348799998,100.5,100.4883,-0.0116
191.319923472,100.5,100.4883,-0.0116
191.359923456,100.5,100.4882,-0.0117
191.39992344,100.5,100.4882,-0.0117
191.439923424,100.5,100.4882,-0.0117
191.479923408,100.5,100.4882,-0.0117
191.519923392,100.5,100.4881,-0.0118
191.559923376,100.5,100.4881,-0.0118
191.59992336000002,100.5,100.4881,-0.0118
191.63992334399998,100.5,100.488,-0.0118
191.679923328,100.5,100.488,-0.0119
191.719923312,100.5,100.488,-0.0119
191.759923296,100.5,100.4879,-0.0119
191.79992328,100.5,100.4879,-0.012
191.839923264,100.5,100.4879,-0.012
191.87992324799998,100.5,100.4878,-0.0121
191.919923232,100.5,100.4878,-0.0121
191.959923216,100.5,100.4878,-0.0121
191.9999232,100.5,100.4878,-0.0121
192.039923184,100.5,100.4877,-0.0122
192.079923168,100.5,100.4877,-0.0122
192.11992315199998,100.5,100.4876,-0.0123
192.159923136,100.5,100.4876,-0.0123
192.19992312,100.5,100.4875,-0.0124
192.239923104,100.5,100.4875,-0.0124
192.27992308799998,100.5,100.4874,-0.0125
192.319923072,100.5,100.4874,-0.0125
192.35992305599999,100.5,100.4873,-0.0126
192.39992304,100.5,100.4873,-0.0126
192.439923024,100.5,100.4873,-0.0126
192.479923008,100.5,100.4872,-0.0127
192.519922992,100.5,100.4872,-0.0127
192.559922976,100.5,100.4871,-0.0128
192.59992296000001,100.5,100.4871,-0.0128
192.639922944,100.5,100.4871,-0.0128
192.679922928,100.5,100.4871,-0.0128
192.719922912,100.5,100.4871,-0.0128
192.759922896,100.5,100.487,-0.0129
192.79992288,100.5,100.487,-0.0129
192.83992286400002,100.5,100.487,-0.0129
192.87992284799998,100.5,100.4869,-0.013
192.919922832,100.5,100.4869,-0.013
192.959922816,100.5,100.4869,-0.013
192.9999228,100.5,100.4868,-0.0131
193.039922784,100.5,100.4868,-0.0131
193.079922768,100.5,100.4867,-0.0131
193.11992275199998,100.5,100.4867,-0.0131
193.159922736,100.5,100.4867,-0.0132
193.19992272,100.5,100.4867,-0.0132
193.239922704,100.5,100.4867,-0.0132
193.279922688,100.5,100.4866,-0.0133
193.319922672,100.5,100.4866,-0.0133
193.35992265599998,100.5,100.4865,-0.0134
193.39992264,100.5,100.4865,-0.0134
193.43992262400002,100.5,100.4865,-0.0134
193.479922608,100.5,100.4865,-0.0134
193.519922592,100.5,100.4865,-0.0134
193.559922576,100.5,100.4864,-0.0134
193.59992256,100.5,100.4864,-0.0135
193.639922544,100.5,100.4864,-0.0135
193.67992252800002,100.5,100.4864,-0.0135
193.71992251199998,100.5,100.4864,-0.0135
193.759922496,100.5,100.4863,-0.0136
193.79992248,100.5,100.4863,-0.0136
193.839922464,100.5,100.4863,-0.0136
193.879922448,100.5,100.4862,-0.0137
193.919922432,100.5,100.4862,-0.0137
193.95992241599998,100.5,100.4862,-0.0137
193.9999224,100.5,100.4862,-0.0137
194.039922384,100.5,100.4862,-0.0137
194.079922368,100.5,100.4862,-0.0137
194.11992235199997,100.5,100.4861,-0.0138
194.159922336,100.5,100.4861,-0.0138
194.19992231999998,100.5,100.4861,-0.0138
194.239922304,100.5,100.486,-0.0139
194.279922288,100.5,100.486,-0.0139
194.31992227199999,100.5,100.4861,-0.0138
194.35992225599998,100.5,100.486,-0.0138
194.39992224,100.5,100.486,-0.0138
194.43992222400001,100.5,100.4861,-0.0138
194.479922208,100.5,100.4861,-0.0138
194.51992219200002,100.5,100.486,-0.0139
194.559922176,100.5,100.486,-0.0139
194.59992216,100.5,100.486,-0.0139
194.639922144,100.5,100.4859,-0.0139
194.67992212800002,100.5,100.4859,-0.014
194.719922112,100.5,100.4859,-0.014
194.759922096,100.5,100.4859,-0.014
194.79992208,100.5,100.4859,-0.014
194.839922064,100.5,100.4859,-0.014
194.879922048,100.5,100.4859,-0.014
194.91992203200002,100.5,100.4859,-0.014
194.95992201599998,100.5,100.4858,-0.014
194.999922,100.5,100.4859,-0.014
195.039921984,100.5,100.4859,-0.014
195.079921968,100.5,100.4859,-0.014
195.119921952,100.5,100.4859,-0.014
195.159921936,100.5,100.4859,-0.014
195.19992191999998,100.5,100.4859,-0.014
195.239921904,100.5,100.486,-0.0139
195.279921888,100.5,100.486,-0.0139
195.319921872,100.5,100.486,-0.0139
195.35992185599997,100.5,100.4861,-0.0138
195.39992184,100.5,100.4861,-0.0138
195.439921824,100.5,100.4861,-0.0138
195.479921808,100.5,100.4861,-0.0138
195.51992179200002,100.5,100.4861,-0.0138
195.55992177599998,100.5,100.4861,-0.0138
195.59992176,100.5,100.4861,-0.0138
195.639921744,100.5,100.4862,-0.0137
195.679921728,100.5,100.4862,-0.0137
195.719921712,100.5,100.4862,-0.0137
195.75992169600002,100.5,100.4862,-0.0137
195.79992167999998,100.5,100.4861,-0.0138
195.839921664,100.5,100.4862,-0.0137
195.879921648,100.5,100.4862,-0.0137
195.919921632,100.5,100.4862,-0.0137
195.959921616,100.5,100.4862,-0.0137
195.9999216,100.5,100.4863,-0.0136
196.03992158399998,100.5,100.4863,-0.0136
196.079921568,100.5,100.4863,-0.0136
196.119921552,100.5,100.4864,-0.0135
196.159921536,100.5,100.4864,-0.0135
196.19992151999998,100.5,100.4864,-0.0135
196.239921504,100.5,100.4864,-0.0135
196.27992148799999,100.5,100.4864,-0.0134
196.319921472,100.5,100.4865,-0.0134
196.359921456,100.5,100.4865,-0.0134
196.39992143999999,100.5,100.4865,-0.0134
196.439921424,100.5,100.4865,-0.0134
196.479921408,100.5,100.4866,-0.0133
196.51992139200001,100.5,100.4866,-0.0133
196.559921376,100.5,100.4866,-0.0133
196.59992136,100.5,100.4866,-0.0133
196.639921344,100.5,100.4866,-0.0133
196.679921328,100.5,100.4866,-0.0133
196.719921312,100.5,100.4866,-0.0133
196.75992129600002,100.5,100.4866,-0.0133
196.79992127999998,100.5,100.4866,-0.0132
196.839921264,100.5,100.4866,-0.0132
196.879921248,100.5,100.4867,-0.0132
196.919921232,100.5,100.4867,-0.0132
196.959921216,100.5,100.4867,-0.0132
196.99992120000002,100.5,100.4867,-0.0132
197.03992118399998,100.5,100.4868,-0.0131
197.079921168,100.5,100.4868,-0.0131
197.119921152,100.5,100.4868,-0.0131
197.159921136,100.5,100.4868,-0.0131
197.19992112,100.5,100.4868,-0.0131
197.239921104,100.5,100.4867,-0.0131
197.27992108799998,100.5,100.4867,-0.0132
197.319921072,100.5,100.4867,-0.0132
197.359921056,100.5,100.4868,-0.0131
197.39992104,100.5,100.4868,-0.0131
197.439921024,100.5,100.4868,-0.0131
197.479921008,100.5,100.4868,-0.0131
197.519920992,100.5,100.4868,-0.0131
197.559920976,100.5,100.4868,-0.0131
197.59992096000002,100.5,100.4868,-0.0131
197.63992094399998,100.5,100.4867,-0.0131
197.679920928,100.5,100.4867,-0.0132
197.719920912,100.5,100.4867,-0.0131
197.759920896,100.5,100.4868,-0.0131
197.79992088,100.5,100.4868,-0.0131
197.839920864,100.5,100.4868,-0.0131
197.87992084799998,100.5,100.4869,-0.013
197.919920832,100.5,100.4869,-0.013
197.959920816,100.5,100.4869,-0.013
197.9999208,100.5,100.487,-0.0129
198.03992078399997,100.5,100.487,-0.0129
198.079920768,100.5,100.487,-0.0129
198.11992075199998,100.5,100.4871,-0.0128
198.159920736,100.5,100.4871,-0.0128
198.19992072,100.5,100.4871,-0.0128
198.239920704,100.5,100.4871,-0.0128
198.27992068799998,100.5,100.4871,-0.0128
198.319920672,100.5,100.4871,-0.0128
198.35992065599999,100.5,100.4871,-0.0128
198.39992064,100.5,100.4871,-0.0128
198.43992062400002,100.5,100.4871,-0.0128
198.479920608,100.5,100.4871,-0.0128
198.519920592,100.5,100.487,-0.0129
198.559920576,100.5,100.487,-0.0129
198.59992056000002,100.5,100.487,-0.0129
198.639920544,100.5,100.487,-0.0129
198.679920528,100.5,100.4871,-0.0128
198.719920512,100.5,100.4871,-0.0128
198.759920496,100.5,100.4872,-0.0127
198.79992048,100.5,100.4872,-0.0127
198.83992046400002,100.5,100.4872,-0.0127
198.87992044799998,100.5,100.4873,-0.0126
198.919920432,100.5,100.4873,-0.0126
198.959920416,100.5,100.4873,-0.0126
198.9999204,100.5,100.4873,-0.0125
199.039920384,100.5,100.4873,-0.0125
199.079920368,100.5,100.4873,-0.0125
199.11992035199998,100.5,100.4873,-0.0126
199.159920336,100.5,100.4874,-0.0125
199.19992032,100.5,100.4873,-0.0125
199.239920304,100.5,100.4873,-0.0125
199.27992028799997,100.5,100.4874,-0.0125
199.319920272,100.5,100.4873,-0.0125
199.35992025599998,100.5,100.4874,-0.0125
199.39992024,100.5,100.4874,-0.0125
199.43992022400002,100.5,100.4874,-0.0125
199.47992020799998,100.5,100.4875,-0.0124
199.519920192,100.5,100.4875,-0.0124
199.559920176,100.5,100.4875,-0.0124
199.59992016,100.5,100.4875,-0.0124
199.639920144,100.5,100.4875,-0.0124
199.67992012800002,100.5,100.4876,-0.0123
199.71992011199998,100.5,100.4876,-0.0123
199.759920096,100.5,100.4876,-0.0122
199.79992008,100.5,100.4877,-0.0122
199.839920064,100.5,100.4877,-0.0122
199.879920048,100.5,100.4877,-0.0122
199.919920032,100.5,100.4877,-0.0122
199.95992001599998,100.5,100.4877,-0.0122
199.99992,100.5,100.4877,-0.0122
200.039919984,100.5,100.4878,-0.0121
200.079919968,100.5,100.4878,-0.0121
200.11991995199998,100.5,100.4878,-0.0121
200.159919936,100.5,100.4879,-0.012
200.19991991999999,100.5,100.4879,-0.012
200.239919904,100.5,100.4879,-0.012
200.279919888,100.5,100.4879,-0.0119
200.31991987199999,100.5,100.488,-0.0119
200.35991985599998,100.5,100.488,-0.0119
200.39991984,100.5,100.488,-0.0118
200.43991982400001,100.5,100.4881,-0.0118
200.479919808,100.5,100.4881,-0.0118
200.519919792,100.5,100.4882,-0.0117
200.559919776,100.5,100.4882,-0.0117
200.59991976,100.5,100.4882,-0.0117
200.639919744,100.5,100.4883,-0.0116
200.67991972800002,100.5,100.4883,-0.0116
200.71991971199998,100.5,100.4883,-0.0116
200.759919696,100.5,100.4883,-0.0116
200.79991968,100.5,100.4883,-0.0116
200.839919664,100.5,100.4883,-0.0116
200.879919648,100.5,100.4884,-0.0115
200.91991963200002,100.5,100.4884,-0.0115
200.95991961599998,100.5,100.4884,-0.0114
200.9999196,100.5,100.4884,-0.0114
201.039919584,100.5,100.4885,-0.0114
201.079919568,100.5,100.4885,-0.0114
201.119919552,100.5,100.4885,-0.0114
201.159919536,100.5,100.4885,-0.0114
201.19991951999998,100.5,100.4885,-0.0114
201.239919504,100.5,100.4885,-0.0114
201.279919488,100.5,100.4885,-0.0114
201.319919472,100.5,100.4885,-0.0114
201.359919456,100.5,100.4885,-0.0114
201.39991944,100.5,100.4886,-0.0113
201.439919424,100.5,100.4886,-0.0113
201.479919408,100.5,100.4887,-0.0112
201.51991939200002,100.5,100.4887,-0.0112
201.55991937599998,100.5,100.4887,-0.0112
201.59991936,100.5,100.4888,-0.0111
201.639919344,100.5,100.4888,-0.0111
201.679919328,100.5,100.4888,-0.0111
201.719919312,100.5,100.4889,-0.011
201.759919296,100.5,100.4889,-0.011
201.79991927999998,100.5,100.489,-0.0109
201.839919264,100.5,100.489,-0.0109
201.879919248,100.5,100.489,-0.0109
201.919919232,100.5,100.489,-0.0109
201.95991921599997,100.5,100.489,-0.0109
201.9999192,100.5,100.489,-0.0109
202.03991918399998,100.5,100.4891,-0.0108
202.079919168,100.5,100.4891,-0.0108
202.119919152,100.5,100.4891,-0.0108
202.159919136,100.5,100.4891,-0.0108
202.19991911999998,100.5,100.4892,-0.0107
202.239919104,100.5,100.4892,-0.0107
202.27991908799999,100.5,100.4893,-0.0106
202.319919072,100.5,100.4893,-0.0106
202.359919056,100.5,100.4893,-0.0106
202.39991904,100.5,100.4894,-0.0105
202.439919024,100.5,100.4895,-0.0104
202.479919008,100.5,100.4895,-0.0104
202.51991899200002,100.5,100.4895,-0.0104
202.559918976,100.5,100.4896,-0.0103
202.59991896,100.5,100.4896,-0.0103
202.639918944,100.5,100.4897,-0.0102
202.679918928,100.5,100.4897,-0.0102
202.719918912,100.5,100.4897,-0.0102
202.75991889600002,100.5,100.4898,-0.0101
202.79991887999998,100.5,100.4898,-0.0101
202.839918864,100.5,100.4898,-0.01
202.879918848,100.5,100.4899,-0.01
202.919918832,100.5,100.4899,-0.01
202.959918816,100.5,100.49,-0.0099
202.9999188,100.5,100.49,-0.0099
203.03991878399998,100.5,100.4901,-0.0098
203.079918768,100.5,100.4901,-0.0097
203.119918752,100.5,100.4902,-0.0097
203.159918736,100.5,100.4902,-0.0097
203.19991871999997,100.5,100.4902,-0.0097
203.239918704,100.5,100.4902,-0.0096
203.27991868799998,100.5,100.4903,-0.0096
203.319918672,100.5,100.4903,-0.0096
203.359918656,100.5,100.4903,-0.0096
203.39991864,100.5,100.4903,-0.0096
203.439918624,100.5,100.4904,-0.0095
203.479918608,100.5,100.4904,-0.0095
203.519918592,100.5,100.4904,-0.0094
203.559918576,100.5,100.4905,-0.0094
203.59991856000002,100.5,100.4905,-0.0094
203.63991854399998,100.5,100.4906,-0.0093
203.679918528,100.5,100.4906,-0.0093
203.719918512,100.5,100.4907,-0.0092
203.759918496,100.5,100.4907,-0.0092
203.79991848,100.5,100.4908,-0.0091
203.839918464,100.5,100.4908,-0.0091
203.87991844799998,100.5,100.4909,-0.009
203.919918432,100.5,100.491,-0.0089
203.959918416,100.5,100.491,-0.0089
203.9999184,100.5,100.4911,-0.0088
204.03991838399998,100.5,100.4911,-0.0088
204.079918368,100.5,100.4911,-0.0088
204.11991835199998,100.5,100.4912,-0.0087
204.159918336,100.5,100.4912,-0.0087
204.19991832,100.5,100.4912,-0.0087
204.23991830399999,100.5,100.4912,-0.0087
204.27991828799998,100.5,100.4912,-0.0087
204.319918272,100.5,100.4912,-0.0087
204.35991825600001,100.5,100.4912,-0.0087
204.39991824,100.5,100.4912,-0.0087
204.439918224,100.5,100.4912,-0.0086
204.479918208,100.5,100.4913,-0.0086
204.519918192,100.5,100.4913,-0.0086
204.559918176,100.5,100.4913,-0.0086
204.59991816000002,100.5,100.4913,-0.0086
204.639918144,100.5,100.4913,-0.0086
204.679918128,100.5,100.4913,-0.0086
204.719918112,100.5,100.4913,-0.0086
204.759918096,100.5,100.4913,-0.0086
204.79991808,100.5,100.4913,-0.0086
204.83991806400002,100.5,100.4913,-0.0086
204.87991804799998,100.5,100.4914,-0.0085
204.919918032,100.5,100.4914,-0.0085
204.959918016,100.5,100.4914,-0.0085
204.999918,100.5,100.4914,-0.0085
205.039917984,100.5,100.4914,-0.0085
205.079917968,100.5,100.4914,-0.0085
205.11991795199998,100.5,100.4915,-0.0084
205.159917936,100.5,100.4915,-0.0084
205.19991792,100.5,100.4915,-0.0084
205.239917904,100.5,100.4915,-0.0084
205.27991788799997,100.5,100.4915,-0.0084
205.319917872,100.5,100.4915,-0.0084
205.359917856,100.5,100.4915,-0.0084
205.39991784,100.5,100.4915,-0.0084
205.43991782400002,100.5,100.4915,-0.0084
205.47991780799998,100.5,100.4915,-0.0084
205.519917792,100.5,100.4916,-0.0083
205.559917776,100.5,100.4915,-0.0083
205.59991776,100.5,100.4916,-0.0083
205.639917744,100.5,100.4915,-0.0084
205.679917728,100.5,100.4915,-0.0084
205.71991771199998,100.5,100.4915,-0.0084
205.759917696,100.5,100.4915,-0.0084
205.79991768,100.5,100.4915,-0.0084
205.839917664,100.5,100.4915,-0.0084
205.879917648,100.5,100.4915,-0.0084
205.919917632,100.5,100.4915,-0.0084
205.95991761599998,100.5,100.4915,-0.0084
205.9999176,100.5,100.4915,-0.0084
206.039917584,100.5,100.4915,-0.0084
206.079917568,100.5,100.4915,-0.0084
206.11991755199998,100.5,100.4915,-0.0083
206.159917536,100.5,100.4915,-0.0084
206.19991751999999,100.5,100.4915,-0.0084
206.239917504,100.5,100.4915,-0.0084
206.279917488,100.5,100.4915,-0.0084
206.319917472,100.5,100.4915,-0.0084
206.359917456,100.5,100.4915,-0.0084
206.39991744,100.5,100.4915,-0.0084
206.43991742400001,100.5,100.4915,-0.0084
206.479917408,100.5,100.4915,-0.0084
206.519917392,100.5,100.4915,-0.0084
206.559917376,100.5,100.4915,-0.0084
206.59991736,100.5,100.4916,-0.0083
206.639917344,100.5,100.4915,-0.0084
206.67991732800002,100.5,100.4915,-0.0084
206.71991731199998,100.5,100.4915,-0.0084
206.759917296,100.5,100.4915,-0.0084
206.79991728,100.5,100.4914,-0.0084
206.839917264,100.5,100.4914,-0.0084
206.879917248,100.5,100.4914,-0.0085
206.919917232,100.5,100.4914,-0.0085
206.95991721599998,100.5,100.4914,-0.0084
206.9999172,100.5,100.4914,-0.0085
207.039917184,100.5,100.4914,-0.0085
207.079917168,100.5,100.4914,-0.0085
207.119917152,100.5,100.4914,-0.0085
207.159917136,100.5,100.4914,-0.0085
207.19991711999998,100.5,100.4914,-0.0085
207.239917104,100.5,100.4914,-0.0085
207.279917088,100.5,100.4914,-0.0085
207.319917072,100.5,100.4914,-0.0085
207.359917056,100.5,100.4914,-0.0085
207.39991704,100.5,100.4914,-0.0085
207.439917024,100.5,100.4915,-0.0084
207.479917008,100.5,100.4915,-0.0084
207.51991699200002,100.5,100.4915,-0.0083
207.55991697599998,100.5,100.4915,-0.0083
207.59991696,100.5,100.4916,-0.0083
207.639916944,100.5,100.4916,-0.0083
207.679916928,100.5,100.4916,-0.0083
207.719916912,100.5,100.4916,-0.0083
207.759916896,100.5,100.4916,-0.0083
207.79991687999998,100.5,100.4916,-0.0083
207.839916864,100.5,100.4916,-0.0083
207.879916848,100.5,100.4917,-0.0082
207.919916832,100.5,100.4916,-0.0083
207.95991681599997,100.5,100.4917,-0.0082
207.9999168,100.5,100.4917,-0.0082
208.03991678399998,100.5,100.4917,-0.0082
208.079916768,100.5,100.4917,-0.0082
208.119916752,100.5,100.4917,-0.0082
208.15991673599999,100.5,100.4917,-0.0082
208.19991671999998,100.5,100.4917,-0.0082
208.239916704,100.5,100.4917,-0.0082
208.279916688,100.5,100.4917,-0.0082
208.319916672,100.5,100.4917,-0.0082
208.35991665600002,100.5,100.4917,-0.0082
208.39991664,100.5,100.4917,-0.0082
208.439916624,100.5,100.4917,-0.0082
208.479916608,100.5,100.4918,-0.0081
208.51991659200002,100.5,100.4918,-0.0081
208.559916576,100.5,100.4918,-0.0081
208.59991656,100.5,100.4918,-0.0081
208.639916544,100.5,100.4918,-0.0081
208.679916528,100.5,100.4918,-0.0081
208.719916512,100.5,100.4917,-0.0081
208.75991649600002,100.5,100.4917,-0.0081
208.79991647999998,100.5,100.4917,-0.0082
208.839916464,100.5,100.4917,-0.0082
208.879916448,100.5,100.4917,-0.0082
208.919916432,100.5,100.4917,-0.0081
208.959916416,100.5,100.4918,-0.0081
208.9999164,100.5,100.4918,-0.0081
209.03991638399998,100.5,100.4918,-0.0081
209.079916368,100.5,100.4918,-0.0081
209.119916352,100.5,100.4918,-0.0081
209.159916336,100.5,100.4918,-0.0081
209.19991631999997,100.5,100.4918,-0.0081
209.239916304,100.5,100.4917,-0.0081
209.27991628799998,100.5,100.4917,-0.0082
209.319916272,100.5,100.4916,-0.0082
209.35991625600002,100.5,100.4916,-0.0083
209.39991623999998,100.5,100.4916,-0.0083
209.439916224,100.5,100.4916,-0.0083
209.479916208,100.5,100.4916,-0.0083
209.519916192,100.5,100.4916,-0.0083
209.559916176,100.5,100.4916,-0.0083
209.59991616000002,100.5,100.4916,-0.0083
209.63991614399998,100.5,100.4916,-0.0083
209.679916128,100.5,100.4916,-0.0083
209.719916112,100.5,100.4915,-0.0084
209.759916096,100.5,100.4915,-0.0084
209.79991608,100.5,100.4915,-0.0084
209.839916064,100.5,100.4915,-0.0084
209.87991604799998,100.5,100.4915,-0.0084
209.919916032,100.5,100.4915,-0.0084
209.959916016,100.5,100.4915,-0.0084
209.999916,100.5,100.4915,-0.0084
210.03991598399998,100.5,100.4914,-0.0085
210.079915968,100.5,100.4914,-0.0085
210.11991595199999,100.5,100.4913,-0.0086
210.159915936,100.5,100.4913,-0.0086
210.19991592,100.5,100.4913,-0.0086
210.239915904,100.5,100.4913,-0.0086
210.279915888,100.5,100.4913,-0.0086
210.319915872,100.5,100.4912,-0.0087
210.35991585600001,100.5,100.4912,-0.0087
210.39991584,100.5,100.4912,-0.0087
210.439915824,100.5,100.4912,-0.0087
210.479915808,100.5,100.4912,-0.0087
210.519915792,100.5,100.4911,-0.0088
210.559915776,100.5,100.491,-0.0089
210.59991576000002,100.5,100.491,-0.0089
210.63991574399998,100.5,100.491,-0.0089
210.679915728,100.5,100.491,-0.0089
210.719915712,100.5,100.4909,-0.009
210.759915696,100.5,100.4909,-0.009
210.79991568,100.5,100.4909,-0.009
210.83991566400002,100.5,100.4909,-0.009
210.87991564799998,100.5,100.4909,-0.009
210.919915632,100.5,100.4909,-0.009
210.959915616,100.5,100.4909,-0.009
210.9999156,100.5,100.4908,-0.0091
211.039915584,100.5,100.4908,-0.0091
211.079915568,100.5,100.4907,-0.0092
211.11991555199998,100.5,100.4907,-0.0092
211.159915536,100.5,100.4907,-0.0092
211.19991552,100.5,100.4907,-0.0092
211.239915504,100.5,100.4906,-0.0093
211.279915488,100.5,100.4906,-0.0093
211.319915472,100.5,100.4906,-0.0093
211.359915456,100.5,100.4905,-0.0094
211.39991544,100.5,100.4905,-0.0094
211.43991542400002,100.5,100.4905,-0.0094
211.47991540799998,100.5,100.4904,-0.0095
211.519915392,100.5,100.4904,-0.0095
211.559915376,100.5,100.4904,-0.0095
211.59991536,100.5,100.4904,-0.0095
211.639915344,100.5,100.4904,-0.0095
211.679915328,100.5,100.4904,-0.0095
211.71991531199998,100.5,100.4904,-0.0095
211.759915296,100.5,100.4903,-0.0095
211.79991528,100.5,100.4904,-0.0095
211.839915264,100.5,100.4903,-0.0096
211.87991524799997,100.5,100.4903,-0.0096
211.919915232,100.5,100.4903,-0.0095
211.95991521599998,100.5,100.4903,-0.0096
211.9999152,100.5,100.4903,-0.0096
212.039915184,100.5,100.4903,-0.0095
212.079915168,100.5,100.4903,-0.0096
212.11991515199998,100.5,100.4903,-0.0096
212.159915136,100.5,100.4902,-0.0096
212.19991512,100.5,100.4902,-0.0097
212.239915104,100.5,100.4902,-0.0097
212.279915088,100.5,100.4902,-0.0097
212.319915072,100.5,100.4902,-0.0097
212.359915056,100.5,100.4902,-0.0097
212.39991504,100.5,100.4902,-0.0097
212.43991502400002,100.5,100.4902,-0.0096
212.479915008,100.5,100.4903,-0.0096
212.519914992,100.5,100.4903,-0.0096
212.559914976,100.5,100.4903,-0.0096
212.59991496,100.5,100.4903,-0.0096
212.639914944,100.5,100.4903,-0.0096
212.67991492800002,100.5,100.4903,-0.0096
212.71991491199998,100.5,100.4903,-0.0096
212.759914896,100.5,100.4903,-0.0096
212.79991488,100.5,100.4903,-0.0096
212.839914864,100.5,100.4903,-0.0096
212.879914848,100.5,100.4903,-0.0096
212.919914832,100.5,100.4903,-0.0096
212.95991481599998,100.5,100.4903,-0.0096
212.9999148,100.5,100.4903,-0.0095
213.039914784,100.5,100.4903,-0.0095
213.079914768,100.5,100.4903,-0.0095
213.11991475199997,100.5,100.4904,-0.0095
213.159914736,100.5,100.4904,-0.0095
213.19991471999998,100.5,100.4904,-0.0095
213.239914704,100.5,100.4905,-0.0094
213.27991468800002,100.5,100.4905,-0.0094
213.319914672,100.5,100.4905,-0.0094
213.359914656,100.5,100.4905,-0.0094
213.39991464,100.5,100.4905,-0.0094
213.439914624,100.5,100.4905,-0.0094
213.479914608,100.5,100.4905,-0.0094
213.51991459200002,100.5,100.4905,-0.0094
213.55991457599998,100.5,100.4905,-0.0094
213.59991456,100.5,100.4905,-0.0094
213.639914544,100.5,100.4905,-0.0094
213.679914528,100.5,100.4905,-0.0094
213.719914512,100.5,100.4905,-0.0094
213.759914496,100.5,100.4906,-0.0093
213.79991447999998,100.5,100.4906,-0.0093
213.839914464,100.5,100.4906,-0.0093
213.879914448,100.5,100.4907,-0.0092
213.919914432,100.5,100.4907,-0.0092
213.95991441599998,100.5,100.4906,-0.0093
213.9999144,100.5,100.4906,-0.0093
214.03991438399999,100.5,100.4906,-0.0093
214.079914368,100.5,100.4907,-0.0092
214.119914352,100.5,100.4907,-0.0092
214.15991433599999,100.5,100.4907,-0.0092
214.19991431999998,100.5,100.4907,-0.0092
214.239914304,100.5,100.4907,-0.0092
214.27991428800001,100.5,100.4908,-0.0091
214.319914272,100.5,100.4908,-0.0091
214.359914256,100.5,100.4909,-0.009
214.39991424,100.5,100.4909,-0.009
214.439914224,100.5,100.4909,-0.0089
214.479914208,100.5,100.491,-0.0089
214.51991419200002,100.5,100.491,-0.0089
214.559914176,100.5,100.491,-0.0088
214.59991416,100.5,100.4911,-0.0088
214.639914144,100.5,100.4911,-0.0088
214.679914128,100.5,100.4911,-0.0088
214.719914112,100.5,100.4911,-0.0088
214.75991409600002,100.5,100.4911,-0.0088
214.79991407999998,100.5,100.4911,-0.0088
214.839914064,100.5,100.491,-0.0089
214.879914048,100.5,100.491,-0.0089
214.919914032,100.5,100.491,-0.0089
214.959914016,100.5,100.4909,-0.0089
214.999914,100.5,100.4909,-0.009
215.03991398399998,100.5,100.4909,-0.009
215.079913968,100.5,100.4909,-0.009
215.119913952,100.5,100.4908,-0.0091
215.159913936,100.5,100.4908,-0.0091
215.19991391999997,100.5,100.4908,-0.0091
215.239913904,100.5,100.4908,-0.0091
215.279913888,100.5,100.4908,-0.0091
215.319913872,100.5,100.4907,-0.0092
215.35991385600002,100.5,100.4907,-0.0092
215.39991383999998,100.5,100.4907,-0.0092
215.439913824,100.5,100.4907,-0.0092
215.479913808,100.5,100.4906,-0.0093
215.519913792,100.5,100.4906,-0.0093
215.559913776,100.5,100.4906,-0.0093
215.59991376,100.5,100.4906,-0.0093
215.63991374399998,100.5,100.4905,-0.0094
215.679913728,100.5,100.4905,-0.0094
215.719913712,100.5,100.4905,-0.0094
215.759913696,100.5,100.4905,-0.0094
215.79991368,100.5,100.4905,-0.0094
215.839913664,100.5,100.4905,-0.0094
215.87991364799998,100.5,100.4905,-0.0094
215.919913632,100.5,100.4905,-0.0094
215.959913616,100.5,100.4904,-0.0094
215.9999136,100.5,100.4904,-0.0095
216.03991358399998,100.5,100.4903,-0.0096
216.079913568,100.5,100.4903,-0.0096
216.11991355199999,100.5,100.4903,-0.0096
216.159913536,100.5,100.4903,-0.0096
216.19991352,100.5,100.4903,-0.0096
216.239913504,100.5,100.4902,-0.0097
216.279913488,100.5,100.4902,-0.0097
216.319913472,100.5,100.4902,-0.0097
216.35991345600002,100.5,100.4902,-0.0097
216.39991344,100.5,100.4902,-0.0097
216.439913424,100.5,100.4901,-0.0098
216.479913408,100.5,100.4901,-0.0098
216.519913392,100.5,100.4901,-0.0098
216.559913376,100.5,100.4901,-0.0098
216.59991336000002,100.5,100.4901,-0.0098
216.63991334399998,100.5,100.4901,-0.0098
216.679913328,100.5,100.49,-0.0099
216.719913312,100.5,100.49,-0.0099
216.759913296,100.5,100.49,-0.0099
216.79991328,100.5,100.49,-0.0099
216.839913264,100.5,100.49,-0.0099
216.87991324799998,100.5,100.49,-0.0099
216.919913232,100.5,100.4899,-0.01
216.959913216,100.5,100.4899,-0.01
216.9999132,100.5,100.4899,-0.01
217.039913184,100.5,100.4898,-0.01
217.079913168,100.5,100.4898,-0.01
217.11991315199998,100.5,100.4899,-0.01
217.159913136,100.5,100.4898,-0.0101
217.19991312,100.5,100.4899,-0.01
217.239913104,100.5,100.4898,-0.0101
217.279913088,100.5,100.4898,-0.0101
217.319913072,100.5,100.4898,-0.0101
217.359913056,100.5,100.4898,-0.0101
217.39991304,100.5,100.4898,-0.0101
217.43991302400002,100.5,100.4898,-0.0101
217.47991300799998,100.5,100.4898,-0.0101
217.519912992,100.5,100.4897,-0.0102
217.559912976,100.5,100.4897,-0.0102
217.59991296,100.5,100.4897,-0.0102
217.639912944,100.5,100.4896,-0.0103
217.679912928,100.5,100.4896,-0.0103
217.71991291199998,100.5,100.4896,-0.0103
217.759912896,100.5,100.4896,-0.0103
217.79991288,100.5,100.4896,-0.0103
217.839912864,100.5,100.4896,-0.0103
217.87991284799998,100.5,100.4896,-0.0103
217.919912832,100.5,100.4895,-0.0103
217.95991281599999,100.5,100.4895,-0.0103
217.9999128,100.5,100.4895,-0.0104
218.039912784,100.5,100.4895,-0.0103
218.07991276799999,100.5,100.4896,-0.0103
218.11991275199998,100.5,100.4896,-0.0103
218.159912736,100.5,100.4896,-0.0102
218.19991272,100.5,100.4897,-0.0102
218.239912704,100.5,100.4897,-0.0102
218.27991268800002,100.5,100.4897,-0.0102
218.319912672,100.5,100.4898,-0.0101
218.359912656,100.5,100.4898,-0.0101
218.39991264,100.5,100.4899,-0.01
218.43991262400002,100.5,100.4899,-0.01
218.479912608,100.5,100.4899,-0.01
218.519912592,100.5,100.49,-0.0099
218.559912576,100.5,100.49,-0.0099
218.59991256,100.5,100.49,-0.0099
218.639912544,100.5,100.4901,-0.0098
218.67991252800002,100.5,100.4901,-0.0098
218.71991251199998,100.5,100.4902,-0.0097
218.759912496,100.5,100.4902,-0.0097
218.79991248,100.5,100.4902,-0.0096
218.839912464,100.5,100.4903,-0.0096
218.879912448,100.5,100.4903,-0.0096
218.919912432,100.5,100.4903,-0.0095
218.95991241599998,100.5,100.4904,-0.0095
218.9999124,100.5,100.4904,-0.0095
219.039912384,100.5,100.4904,-0.0095
219.079912368,100.5,100.4904,-0.0095
219.11991235199997,100.5,100.4905,-0.0094
219.159912336,100.5,100.4905,-0.0094
219.19991231999998,100.5,100.4906,-0.0093
219.239912304,100.5,100.4906,-0.0093
219.27991228800002,100.5,100.4906,-0.0093
219.31991227199998,100.5,100.4906,-0.0093
219.359912256,100.5,100.4907,-0.0092
219.39991224,100.5,100.4907,-0.0092
219.439912224,100.5,100.4907,-0.0092
219.479912208,100.5,100.4907,-0.0092
219.51991219200002,100.5,100.4907,-0.0092
219.55991217599998,100.5,100.4908,-0.0091
219.59991216,100.5,100.4908,-0.0091
219.639912144,100.5,100.4908,-0.0091
219.679912128,100.5,100.4908,-0.0091
219.719912112,100.5,100.4908,-0.0091
219.759912096,100.5,100.4908,-0.0091
219.79991207999998,100.5,100.4908,-0.0091
219.839912064,100.5,100.4908,-0.0091
219.879912048,100.5,100.4909,-0.009
219.919912032,100.5,100.4909,-0.009
219.95991201599998,100.5,100.4909,-0.009
219.999912,100.5,100.4909,-0.009
220.03991198399999,100.5,100.4909,-0.009
220.079911968,100.5,100.4909,-0.009
220.119911952,100.5,100.4909,-0.009
220.159911936,100.5,100.4909,-0.009
220.19991191999998,100.5,100.4909,-0.009
220.239911904,100.5,100.4909,-0.009
220.27991188800002,100.5,100.4909,-0.009
220.319911872,100.5,100.4909,-0.009
220.359911856,100.5,100.4909,-0.009
220.39991184,100.5,100.4909,-0.009
220.439911824,100.5,100.4909,-0.009
220.479911808,100.5,100.4909,-0.009
220.51991179200002,100.5,100.4909,-0.009
220.55991177599998,100.5,100.4909,-0.009
220.59991176,100.5,100.4909,-0.009
220.639911744,100.5,100.4909,-0.009
220.679911728,100.5,100.4909,-0.009
220.719911712,100.5,100.4909,-0.009
220.75991169600002,100.5,100.4909,-0.009
220.79991167999998,100.5,100.4908,-0.0091
220.839911664,100.5,100.4908,-0.009
220.879911648,100.5,100.4908,-0.0091
220.919911632,100.5,100.4909,-0.009
220.959911616,100.5,100.4909,-0.009
220.9999116,100.5,100.4909,-0.009
221.03991158399998,100.5,100.4909,-0.009
221.079911568,100.5,100.4909,-0.009
221.119911552,100.5,100.4909,-0.009
221.159911536,100.5,100.4908,-0.0091
221.19991152,100.5,100.4908,-0.0091
221.239911504,100.5,100.4908,-0.0091
221.279911488,100.5,100.4908,-0.0091
221.319911472,100.5,100.4908,-0.0091
221.35991145600002,100.5,100.4908,-0.0091
221.39991143999998,100.5,100.4907,-0.0092
221.439911424,100.5,100.4907,-0.0092
221.479911408,100.5,100.4907,-0.0092
221.519911392,100.5,100.4907,-0.0092
221.559911376,100.5,100.4907,-0.0092
221.59991136,100.5,100.4906,-0.0093
221.63991134399998,100.5,100.4906,-0.0093
221.679911328,100.5,100.4905,-0.0094
221.719911312,100.5,100.4905,-0.0093
221.759911296,100.5,100.4905,-0.0094
221.79991127999998,100.5,100.4905,-0.0094
221.839911264,100.5,100.4904,-0.0094
221.87991124799998,100.5,100.4904,-0.0095
221.919911232,100.5,100.4904,-0.0095
221.959911216,100.5,100.4904,-0.0095
221.9999112,100.5,100.4904,-0.0095
222.03991118399998,100.5,100.4904,-0.0095
222.079911168,100.5,100.4903,-0.0095
222.119911152,100.5,100.4903,-0.0096
222.159911136,100.5,100.4903,-0.0096
222.19991112,100.5,100.4903,-0.0096
222.239911104,100.5,100.4903,-0.0096
222.279911088,100.5,100.4902,-0.0097
222.319911072,100.5,100.4902,-0.0097
222.35991105600002,100.5,100.4902,-0.0097
222.39991104,100.5,100.4901,-0.0097
222.439911024,100.5,100.4902,-0.0097
222.479911008,100.5,100.4901,-0.0097
222.519910992,100.5,100.4901,-0.0098
222.559910976,100.5,100.4901,-0.0098
222.59991096000002,100.5,100.4901,-0.0098
222.63991094399998,100.5,100.4901,-0.0098
222.679910928,100.5,100.4901,-0.0098
222.719910912,100.5,100.49,-0.0098
222.759910896,100.5,100.49,-0.0099
222.79991088,100.5,100.4899,-0.01
222.839910864,100.5,100.49,-0.0099
222.87991084799998,100.5,100.4899,-0.01
222.919910832,100.5,100.4899,-0.01
222.959910816,100.5,100.4899,-0.01
222.9999108,100.5,100.4899,-0.01
223.03991078399997,100.5,100.4899,-0.01
223.079910768,100.5,100.4899,-0.01
223.11991075199998,100.5,100.4899,-0.01
223.159910736,100.5,100.4898,-0.01
223.19991072,100.5,100.4898,-0.0101
223.23991070399998,100.5,100.4898,-0.0101
223.279910688,100.5,100.4898,-0.0101
223.319910672,100.5,100.4898,-0.0101
223.359910656,100.5,100.4898,-0.0101
223.39991064,100.5,100.4898,-0.0101
223.43991062400002,100.5,100.4898,-0.0101
223.47991060799998,100.5,100.4898,-0.0101
223.519910592,100.5,100.4898,-0.0101
223.559910576,100.5,100.4898,-0.0101
223.59991056,100.5,100.4898,-0.0101
223.639910544,100.5,100.4898,-0.0101
223.679910528,100.5,100.4898,-0.0101
223.71991051199998,100.5,100.4898,-0.0101
223.759910496,100.5,100.4898,-0.0101
223.79991048,100.5,100.4898,-0.0101
223.839910464,100.5,100.4898,-0.0101
223.87991044799998,100.5,100.4898,-0.0101
223.919910432,100.5,100.4898,-0.0101
223.95991041599999,100.5,100.4898,-0.0101
223.9999104,100.5,100.4898,-0.0101
224.039910384,100.5,100.4898,-0.0101
224.079910368,100.5,100.4898,-0.0101
224.11991035199998,100.5,100.4897,-0.0102
224.159910336,100.5,100.4897,-0.0102
224.19991032000001,100.5,100.4896,-0.0103
224.239910304,100.5,100.4896,-0.0102
224.279910288,100.5,100.4896,-0.0103
224.319910272,100.5,100.4896,-0.0103
224.359910256,100.5,100.4896,-0.0103
224.39991024,100.5,100.4896,-0.0103
224.43991022400002,100.5,100.4896,-0.0103
224.47991020799998,100.5,100.4895,-0.0104
224.519910192,100.5,100.4895,-0.0104
224.559910176,100.5,100.4895,-0.0104
224.59991016,100.5,100.4895,-0.0104
224.639910144,100.5,100.4896,-0.0103
224.67991012800002,100.5,100.4895,-0.0104
224.71991011199998,100.5,100.4895,-0.0104
224.759910096,100.5,100.4895,-0.0104
224.79991008,100.5,100.4895,-0.0104
224.839910064,100.5,100.4895,-0.0103
224.879910048,100.5,100.4895,-0.0103
224.919910032,100.5,100.4895,-0.0104
224.95991001599998,100.5,100.4896,-0.0103
224.99991,100.5,100.4896,-0.0103
225.039909984,100.5,100.4896,-0.0103
225.079909968,100.5,100.4895,-0.0103
225.11990995199997,100.5,100.4895,-0.0104
225.159909936,100.5,100.4895,-0.0104
225.19990992,100.5,100.4895,-0.0104
225.239909904,100.5,100.4895,-0.0104
225.27990988800002,100.5,100.4895,-0.0104
225.31990987199998,100.5,100.4895,-0.0104
225.359909856,100.5,100.4895,-0.0104
225.39990984,100.5,100.4894,-0.0105
225.439909824,100.5,100.4894,-0.0105
225.479909808,100.5,100.4894,-0.0105
225.519909792,100.5,100.4894,-0.0105
225.55990977599998,100.5,100.4894,-0.0105
225.59990976,100.5,100.4894,-0.0105
225.639909744,100.5,100.4894,-0.0105
225.679909728,100.5,100.4893,-0.0105
225.71990971199997,100.5,100.4894,-0.0105
225.759909696,100.5,100.4894,-0.0105
225.79990967999998,100.5,100.4893,-0.0105
225.839909664,100.5,100.4893,-0.0105
225.879909648,100.5,100.4893,-0.0106
225.919909632,100.5,100.4894,-0.0105
225.95990961599998,100.5,100.4894,-0.0105
225.9999096,100.5,100.4894,-0.0105
226.039909584,100.5,100.4895,-0.0104
226.079909568,100.5,100.4894,-0.0105
226.119909552,100.5,100.4895,-0.0104
226.159909536,100.5,100.4895,-0.0104
226.19990952,100.5,100.4895,-0.0104
226.239909504,100.5,100.4896,-0.0103
226.27990948800002,100.5,100.4896,-0.0103
226.319909472,100.5,100.4896,-0.0103
226.359909456,100.5,100.4896,-0.0102
226.39990944,100.5,100.4897,-0.0102
226.439909424,100.5,100.4897,-0.0102
226.479909408,100.5,100.4897,-0.0102
226.51990939200002,100.5,100.4898,-0.0101
226.55990937599998,100.5,100.4898,-0.0101
226.59990936,100.5,100.4898,-0.0101
226.639909344,100.5,100.4898,-0.01
226.679909328,100.5,100.4899,-0.01
226.719909312,100.5,100.4899,-0.01
226.759909296,100.5,100.4898,-0.01
226.79990927999998,100.5,100.4898,-0.01
226.839909264,100.5,100.4899,-0.01
226.879909248,100.5,100.4899,-0.01
226.919909232,100.5,100.4899,-0.01
226.95990921599997,100.5,100.4899,-0.01
226.9999092,100.5,100.4899,-0.01
227.03990918399998,100.5,100.4899,-0.01
227.079909168,100.5,100.4899,-0.01
227.119909152,100.5,100.49,-0.0099
227.159909136,100.5,100.49,-0.0099
227.19990912,100.5,100.49,-0.0099
227.239909104,100.5,100.49,-0.0099
227.279909088,100.5,100.4901,-0.0098
227.319909072,100.5,100.4901,-0.0098
227.35990905600002,100.5,100.4901,-0.0097
227.39990903999998,100.5,100.4902,-0.0097
227.439909024,100.5,100.4902,-0.0097
227.479909008,100.5,100.4902,-0.0097
227.519908992,100.5,100.4903,-0.0096
227.559908976,100.5,100.4903,-0.0096
227.59990896,100.5,100.4903,-0.0096
227.63990894399998,100.5,100.4903,-0.0095
227.679908928,100.5,100.4903,-0.0096
227.719908912,100.5,100.4903,-0.0096
227.759908896,100.5,100.4903,-0.0096
227.79990887999998,100.5,100.4903,-0.0096
227.839908864,100.5,100.4903,-0.0096
227.87990884799999,100.5,100.4903,-0.0096
227.919908832,100.5,100.4903,-0.0096
227.959908816,100.5,100.4903,-0.0096
227.9999088,100.5,100.4903,-0.0096
228.03990878399998,100.5,100.4903,-0.0096
228.079908768,100.5,100.4903,-0.0096
228.119908752,100.5,100.4903,-0.0096
228.159908736,100.5,100.4903,-0.0096
228.19990872,100.5,100.4903,-0.0096
228.239908704,100.5,100.4903,-0.0095
228.279908688,100.5,100.4903,-0.0096
228.319908672,100.5,100.4904,-0.0095
228.35990865600002,100.5,100.4904,-0.0095
228.39990864,100.5,100.4904,-0.0095
228.439908624,100.5,100.4904,-0.0095
228.479908608,100.5,100.4904,-0.0095
228.519908592,100.5,100.4904,-0.0095
228.559908576,100.5,100.4904,-0.0094
228.59990856000002,100.5,100.4905,-0.0094
228.63990854399998,100.5,100.4905,-0.0094
228.679908528,100.5,100.4905,-0.0094
228.719908512,100.5,100.4906,-0.0093
228.759908496,100.5,100.4906,-0.0093
228.79990848,100.5,100.4905,-0.0094
228.839908464,100.5,100.4906,-0.0093
228.87990844799998,100.5,100.4906,-0.0093
228.919908432,100.5,100.4906,-0.0093
228.959908416,100.5,100.4906,-0.0093
228.9999084,100.5,100.4906,-0.0093
229.03990838399997,100.5,100.4906,-0.0093
229.079908368,100.5,100.4907,-0.0092
229.11990835199998,100.5,100.4907,-0.0092
229.159908336,100.5,100.4907,-0.0092
229.19990832000002,100.5,100.4907,-0.0092
229.23990830399998,100.5,100.4908,-0.0091
229.279908288,100.5,100.4908,-0.0091
229.319908272,100.5,100.4908,-0.0091
229.359908256,100.5,100.4907,-0.0092
229.39990824,100.5,100.4907,-0.0092
229.439908224,100.5,100.4906,-0.0093
229.47990820799998,100.5,100.4906,-0.0093
229.519908192,100.5,100.4906,-0.0093
229.559908176,100.5,100.4906,-0.0093
229.59990816,100.5,100.4905,-0.0093
229.639908144,100.5,100.4906,-0.0093
229.679908128,100.5,100.4906,-0.0093
229.71990811199998,100.5,100.4905,-0.0094
229.759908096,100.5,100.4905,-0.0094
229.79990808,100.5,100.4905,-0.0094
229.839908064,100.5,100.4905,-0.0094
229.87990804799998,100.5,100.4905,-0.0094
229.919908032,100.5,100.4905,-0.0094
229.95990801599999,100.5,100.4905,-0.0094
229.999908,100.5,100.4905,-0.0094
230.039907984,100.5,100.4905,-0.0094
230.079907968,100.5,100.4905,-0.0094
230.119907952,100.5,100.4905,-0.0094
230.159907936,100.5,100.4905,-0.0094
230.19990792000002,100.5,100.4905,-0.0094
230.239907904,100.5,100.4905,-0.0094
230.279907888,100.5,100.4905,-0.0094
230.319907872,100.5,100.4905,-0.0094
230.359907856,100.5,100.4905,-0.0094
230.39990784,100.5,100.4905,-0.0094
230.43990782400002,100.5,100.4904,-0.0095
230.47990780799998,100.5,100.4905,-0.0094
230.519907792,100.5,100.4905,-0.0094
230.559907776,100.5,100.4905,-0.0094
230.59990776,100.5,100.4905,-0.0094
230.639907744,100.5,100.4904,-0.0095
230.679907728,100.5,100.4904,-0.0094
230.71990771199998,100.5,100.4904,-0.0095
230.759907696,100.5,100.4904,-0.0095
230.79990768,100.5,100.4904,-0.0095
230.839907664,100.5,100.4905,-0.0094
230.879907648,100.5,100.4905,-0.0094
230.919907632,100.5,100.4905,-0.0094
230.95990761599998,100.5,100.4905,-0.0094
230.9999076,100.5,100.4905,-0.0093
231.039907584,100.5,100.4906,-0.0093
231.079907568,100.5,100.4906,-0.0093
231.119907552,100.5,100.4906,-0.0093
231.159907536,100.5,100.4906,-0.0093
231.19990752,100.5,100.4906,-0.0093
231.239907504,100.5,100.4906,-0.0093
231.27990748800002,100.5,100.4906,-0.0093
231.31990747199998,100.5,100.4907,-0.0092
231.359907456,100.5,100.4907,-0.0092
231.39990744,100.5,100.4907,-0.0092
231.439907424,100.5,100.4906,-0.0093
231.479907408,100.5,100.4906,-0.0093
231.519907392,100.5,100.4906,-0.0093
231.55990737599998,100.5,100.4906,-0.0093
231.59990736,100.5,100.4906,-0.0093
231.639907344,100.5,100.4906,-0.0093
231.679907328,100.5,100.4907,-0.0092
231.71990731199998,100.5,100.4906,-0.0093
231.759907296,100.5,100.4906,-0.0093
231.79990727999999,100.5,100.4906,-0.0093
231.839907264,100.5,100.4907,-0.0092
231.879907248,100.5,100.4907,-0.0092
231.91990723199999,100.5,100.4906,-0.0093
231.95990721599998,100.5,100.4906,-0.0093
231.9999072,100.5,100.4906,-0.0093
232.039907184,100.5,100.4906,-0.0093
232.079907168,100.5,100.4906,-0.0093
232.119907152,100.5,100.4906,-0.0093
232.159907136,100.5,100.4905,-0.0094
232.19990712,100.5,100.4905,-0.0094
232.239907104,100.5,100.4905,-0.0094
232.27990708800002,100.5,100.4904,-0.0094
232.319907072,100.5,100.4904,-0.0095
232.359907056,100.5,100.4904,-0.0095
232.39990704,100.5,100.4904,-0.0095
232.439907024,100.5,100.4903,-0.0096
232.479907008,100.5,100.4903,-0.0096
232.51990699200002,100.5,100.4903,-0.0096
232.55990697599998,100.5,100.4903,-0.0096
232.59990696,100.5,100.4903,-0.0096
232.639906944,100.5,100.4903,-0.0096
232.679906928,100.5,100.4903,-0.0096
232.719906912,100.5,100.4903,-0.0096
232.759906896,100.5,100.4903,-0.0096
232.79990687999998,100.5,100.4903,-0.0096
232.839906864,100.5,100.4903,-0.0096
232.879906848,100.5,100.4903,-0.0096
232.919906832,100.5,100.4903,-0.0096
232.95990681599997,100.5,100.4903,-0.0096
232.9999068,100.5,100.4903,-0.0096
233.03990678399998,100.5,100.4902,-0.0097
233.079906768,100.5,100.4902,-0.0097
233.11990675200002,100.5,100.4902,-0.0097
233.15990673599998,100.5,100.4902,-0.0097
233.19990672,100.5,100.4902,-0.0097
233.239906704,100.5,100.4902,-0.0097
233.279906688,100.5,100.4901,-0.0097
233.319906672,100.5,100.4901,-0.0097
233.35990665600002,100.5,100.4901,-0.0097
233.39990663999998,100.5,100.4901,-0.0098
233.439906624,100.5,100.4901,-0.0098
233.479906608,100.5,100.4901,-0.0097
233.519906592,100.5,100.4901,-0.0098
233.559906576,100.5,100.4902,-0.0097
233.59990656,100.5,100.4902,-0.0097
233.63990654399998,100.5,100.4902,-0.0097
233.679906528,100.5,100.4902,-0.0097
233.719906512,100.5,100.4902,-0.0097
233.759906496,100.5,100.4902,-0.0097
233.79990647999998,100.5,100.4902,-0.0097
233.839906464,100.5,100.4902,-0.0097
233.87990644799999,100.5,100.4902,-0.0097
233.919906432,100.5,100.4902,-0.0097
233.959906416,100.5,100.4902,-0.0097
233.9999064,100.5,100.4902,-0.0097
234.03990638399998,100.5,100.4901,-0.0098
234.079906368,100.5,100.4902,-0.0097
234.11990635200002,100.5,100.4902,-0.0097
234.159906336,100.5,100.4902,-0.0097
234.19990632,100.5,100.4902,-0.0097
234.239906304,100.5,100.4902,-0.0097
234.279906288,100.5,100.4902,-0.0097
234.319906272,100.5,100.4902,-0.0097
234.35990625600002,100.5,100.4902,-0.0097
234.39990623999998,100.5,100.4902,-0.0097
234.439906224,100.5,100.4901,-0.0098
234.479906208,100.5,100.4901,-0.0097
234.519906192,100.5,100.4901,-0.0098
234.559906176,100.5,100.4901,-0.0098
234.59990616000002,100.5,100.4901,-0.0098
234.63990614399998,100.5,100.4901,-0.0098
234.679906128,100.5,100.4901,-0.0098
234.719906112,100.5,100.4901,-0.0098
234.759906096,100.5,100.4901,-0.0098
234.79990608,100.5,100.4901,-0.0098
234.839906064,100.5,100.49,-0.0099
234.87990604799998,100.5,100.49,-0.0099
234.919906032,100.5,100.49,-0.0099
234.959906016,100.5,100.4899,-0.01
234.999906,100.5,100.49,-0.0099
235.03990598399997,100.5,100.4899,-0.01
235.079905968,100.5,100.4899,-0.01
235.119905952,100.5,100.4899,-0.01
235.159905936,100.5,100.4899,-0.01
235.19990592000002,100.5,100.4899,-0.01
235.23990590399998,100.5,100.4899,-0.01
235.279905888,100.5,100.4899,-0.01
235.319905872,100.5,100.4899,-0.01
235.359905856,100.5,100.4899,-0.01
235.39990584,100.5,100.4899,-0.01
235.439905824,100.5,100.4899,-0.01
235.47990580799998,100.5,100.4899,-0.01
235.519905792,100.5,100.4899,-0.01
235.559905776,100.5,100.4899,-0.01
235.59990576,100.5,100.4898,-0.01
235.63990574399998,100.5,100.4898,-0.0101
235.679905728,100.5,100.4898,-0.0101
235.71990571199998,100.5,100.4898,-0.0101
235.759905696,100.5,100.4898,-0.0101
235.79990568,100.5,100.4898,-0.0101
235.839905664,100.5,100.4898,-0.0101
235.87990564799998,100.5,100.4897,-0.0102
235.919905632,100.5,100.4897,-0.0102
235.959905616,100.5,100.4897,-0.0102
235.9999056,100.5,100.4897,-0.0102
236.039905584,100.5,100.4897,-0.0102
236.079905568,100.5,100.4897,-0.0102
236.119905552,100.5,100.4897,-0.0102
236.159905536,100.5,100.4896,-0.0102
236.19990552000002,100.5,100.4896,-0.0102
236.239905504,100.5,100.4896,-0.0103
236.279905488,100.5,100.4896,-0.0103
236.319905472,100.5,100.4896,-0.0103
236.359905456,100.5,100.4896,-0.0103
236.39990544,100.5,100.4896,-0.0103
236.43990542400002,100.5,100.4896,-0.0103
236.47990540799998,100.5,100.4896,-0.0103
236.519905392,100.5,100.4896,-0.0103
236.559905376,100.5,100.4896,-0.0103
236.59990536,100.5,100.4896,-0.0103
236.639905344,100.5,100.4896,-0.0103
236.679905328,100.5,100.4896,-0.0103
236.71990531199998,100.5,100.4896,-0.0103
236.759905296,100.5,100.4895,-0.0104
236.79990528,100.5,100.4895,-0.0104
236.839905264,100.5,100.4895,-0.0104
236.87990524799997,100.5,100.4895,-0.0104
236.919905232,100.5,100.4895,-0.0104
236.95990521599998,100.5,100.4894,-0.0105
236.9999052,100.5,100.4894,-0.0105
237.039905184,100.5,100.4894,-0.0105
237.079905168,100.5,100.4894,-0.0105
237.119905152,100.5,100.4894,-0.0105
237.159905136,100.5,100.4894,-0.0105
237.19990512,100.5,100.4894,-0.0105
237.239905104,100.5,100.4893,-0.0106
237.27990508800002,100.5,100.4892,-0.0106
237.31990507199998,100.5,100.4892,-0.0107
237.359905056,100.5,100.4892,-0.0107
237.39990504,100.5,100.4891,-0.0108
237.439905024,100.5,100.4891,-0.0108
237.479905008,100.5,100.489,-0.0109
237.519904992,100.5,100.489,-0.0109
237.55990497599998,100.5,100.489,-0.0109
237.59990496,100.5,100.489,-0.0109
237.639904944,100.5,100.489,-0.0109
237.679904928,100.5,100.4889,-0.011
237.71990491199998,100.5,100.4889,-0.011
237.759904896,100.5,100.4889,-0.011
237.79990487999999,100.5,100.4889,-0.011
237.839904864,100.5,100.4888,-0.0111
237.879904848,100.5,100.4888,-0.0111
237.919904832,100.5,100.4888,-0.0111
237.95990481599998,100.5,100.4888,-0.0111
237.9999048,100.5,100.4888,-0.0111
238.039904784,100.5,100.4888,-0.0111
238.079904768,100.5,100.4887,-0.0112
238.119904752,100.5,100.4887,-0.0112
238.159904736,100.5,100.4887,-0.0112
238.19990472,100.5,100.4887,-0.0112
238.239904704,100.5,100.4887,-0.0111
238.27990468800002,100.5,100.4887,-0.0112
238.319904672,100.5,100.4887,-0.0112
238.359904656,100.5,100.4887,-0.0112
238.39990464,100.5,100.4887,-0.0112
238.439904624,100.5,100.4887,-0.0112
238.479904608,100.5,100.4886,-0.0112
238.51990459200002,100.5,100.4886,-0.0112
238.55990457599998,100.5,100.4886,-0.0113
238.59990456,100.5,100.4886,-0.0113
238.639904544,100.5,100.4886,-0.0113
238.679904528,100.5,100.4886,-0.0113
238.719904512,100.5,100.4886,-0.0113
238.759904496,100.5,100.4885,-0.0114
238.79990447999998,100.5,100.4886,-0.0113
238.839904464,100.5,100.4886,-0.0113
238.879904448,100.5,100.4886,-0.0113
238.919904432,100.5,100.4886,-0.0113
238.95990441599997,100.5,100.4886,-0.0113
238.9999044,100.5,100.4886,-0.0113
239.03990438399998,100.5,100.4886,-0.0113
239.079904368,100.5,100.4886,-0.0113
239.11990435200002,100.5,100.4886,-0.0113
239.15990433599998,100.5,100.4886,-0.0113
239.19990432,100.5,100.4886,-0.0113
239.239904304,100.5,100.4886,-0.0113
239.279904288,100.5,100.4886,-0.0113
239.319904272,100.5,100.4885,-0.0113
239.359904256,100.5,100.4885,-0.0114
239.39990423999998,100.5,100.4885,-0.0113
239.439904224,100.5,100.4885,-0.0114
239.479904208,100.5,100.4885,-0.0114
239.519904192,100.5,100.4885,-0.0114
239.559904176,100.5,100.4885,-0.0114
239.59990416,100.5,100.4885,-0.0114
239.63990414399998,100.5,100.4885,-0.0114
239.679904128,100.5,100.4884,-0.0115
239.719904112,100.5,100.4885,-0.0114
239.759904096,100.5,100.4884,-0.0115
239.79990407999998,100.5,100.4884,-0.0115
239.839904064,100.5,100.4884,-0.0115
239.879904048,100.5,100.4884,-0.0115
239.919904032,100.5,100.4884,-0.0115
239.959904016,100.5,100.4884,-0.0115
239.999904,100.5,100.4884,-0.0115
240.03990398399998,100.5,100.4884,-0.0115
240.079903968,100.5,100.4883,-0.0116
240.11990395200002,100.5,100.4883,-0.0116
240.159903936,100.5,100.4882,-0.0117
240.19990392,100.5,100.4882,-0.0117
240.239903904,100.5,100.4882,-0.0117
240.279903888,100.5,100.4881,-0.0118
240.319903872,100.5,100.4881,-0.0118
240.35990385600002,100.5,100.4881,-0.0118
240.39990383999998,100.5,100.4881,-0.0118
240.439903824,100.5,100.4881,-0.0118
240.479903808,100.5,100.4881,-0.0118
240.519903792,100.5,100.4881,-0.0118
240.559903776,100.5,100.488,-0.0119
240.59990376,100.5,100.488,-0.0119
240.63990374399998,100.5,100.4881,-0.0118
240.679903728,100.5,100.488,-0.0119
240.719903712,100.5,100.488,-0.0119
240.759903696,100.5,100.4881,-0.0118
240.79990368,100.5,100.488,-0.0119
240.839903664,100.5,100.4881,-0.0118
240.87990364799998,100.5,100.488,-0.0118
240.919903632,100.5,100.4881,-0.0118
240.959903616,100.5,100.4881,-0.0118
240.9999036,100.5,100.488,-0.0118
241.039903584,100.5,100.4881,-0.0118
241.079903568,100.5,100.488,-0.0119
241.119903552,100.5,100.488,-0.0119
241.159903536,100.5,100.488,-0.0119
241.19990352000002,100.5,100.488,-0.0119
241.23990350399998,100.5,100.4881,-0.0118
241.279903488,100.5,100.4881,-0.0118
241.319903472,100.5,100.488,-0.0118
241.359903456,100.5,100.488,-0.0119
241.39990344,100.5,100.488,-0.0119
241.439903424,100.5,100.488,-0.0119
241.47990340799998,100.5,100.488,-0.0119
241.519903392,100.5,100.488,-0.0119
241.559903376,100.5,100.488,-0.0119
241.59990336,100.5,100.488,-0.0119
241.63990334399998,100.5,100.488,-0.0119
241.679903328,100.5,100.488,-0.0119
241.71990331199999,100.5,100.488,-0.0119
241.759903296,100.5,100.4881,-0.0118
241.79990328,100.5,100.4881,-0.0118
241.839903264,100.5,100.4882,-0.0117
241.87990324799998,100.5,100.4882,-0.0117
241.919903232,100.5,100.4882,-0.0117
241.959903216,100.5,100.4882,-0.0117
241.9999032,100.5,100.4882,-0.0117
242.039903184,100.5,100.4882,-0.0117
242.079903168,100.5,100.4882,-0.0117
242.119903152,100.5,100.4882,-0.0117
242.159903136,100.5,100.4882,-0.0116
242.19990312000002,100.5,100.4882,-0.0116
242.239903104,100.5,100.4883,-0.0116
242.279903088,100.5,100.4883,-0.0116
242.319903072,100.5,100.4883,-0.0116
242.359903056,100.5,100.4883,-0.0116
242.39990304,100.5,100.4883,-0.0116
242.43990302400002,100.5,100.4883,-0.0116
242.47990300799998,100.5,100.4884,-0.0115
242.519902992,100.5,100.4884,-0.0115
242.559902976,100.5,100.4885,-0.0114
242.59990296,100.5,100.4884,-0.0115
242.639902944,100.5,100.4885,-0.0114
242.679902928,100.5,100.4885,-0.0114
242.71990291199998,100.5,100.4885,-0.0114
242.759902896,100.5,100.4886,-0.0113
242.79990288,100.5,100.4886,-0.0113
242.839902864,100.5,100.4886,-0.0113
242.87990284799997,100.5,100.4886,-0.0113
242.919902832,100.5,100.4886,-0.0113
242.95990281599998,100.5,100.4886,-0.0113
242.9999028,100.5,100.4886,-0.0113
243.039902784,100.5,100.4886,-0.0113
243.07990276799998,100.5,100.4886,-0.0113
243.119902752,100.5,100.4886,-0.0113
243.159902736,100.5,100.4886,-0.0113
243.19990272,100.5,100.4886,-0.0113
243.239902704,100.5,100.4886,-0.0113
243.27990268800002,100.5,100.4887,-0.0112
243.31990267199998,100.5,100.4887,-0.0112
243.359902656,100.5,100.4888,-0.0111
243.39990264,100.5,100.4888,-0.0111
243.439902624,100.5,100.4888,-0.0111
243.479902608,100.5,100.4889,-0.011
243.519902592,100.5,100.4889,-0.011
243.55990257599998,100.5,100.4889,-0.011
243.59990256,100.5,100.489,-0.0109
243.639902544,100.5,100.489,-0.0109
243.679902528,100.5,100.489,-0.0109
243.71990251199998,100.5,100.489,-0.0109
243.759902496,100.5,100.4891,-0.0108
243.79990248,100.5,100.4891,-0.0108
243.839902464,100.5,100.4891,-0.0108
243.879902448,100.5,100.4891,-0.0108
243.919902432,100.5,100.4891,-0.0108
243.95990241599998,100.5,100.4891,-0.0108
243.9999024,100.5,100.4891,-0.0108
244.03990238400002,100.5,100.4891,-0.0108
244.079902368,100.5,100.4892,-0.0107
244.119902352,100.5,100.4891,-0.0108
244.159902336,100.5,100.4892,-0.0107
244.19990232,100.5,100.4892,-0.0107
244.239902304,100.5,100.4892,-0.0107
244.27990228800002,100.5,100.4893,-0.0106
244.31990227199998,100.5,100.4893,-0.0106
244.359902256,100.5,100.4893,-0.0106
244.39990224,100.5,100.4893,-0.0106
244.439902224,100.5,100.4893,-0.0106
244.479902208,100.5,100.4894,-0.0105
244.51990219200002,100.5,100.4893,-0.0106
244.55990217599998,100.5,100.4894,-0.0105
244.59990216,100.5,100.4894,-0.0105
244.639902144,100.5,100.4893,-0.0105
244.679902128,100.5,100.4894,-0.0105
244.719902112,100.5,100.4893,-0.0106
244.759902096,100.5,100.4894,-0.0105
244.79990207999998,100.5,100.4894,-0.0105
244.839902064,100.5,100.4894,-0.0105
244.879902048,100.5,100.4894,-0.0105
244.919902032,100.5,100.4894,-0.0105
244.95990201599997,100.5,100.4893,-0.0106
244.999902,100.5,100.4893,-0.0106
245.039901984,100.5,100.4893,-0.0106
245.079901968,100.5,100.4893,-0.0106
245.11990195200002,100.5,100.4893,-0.0106
245.15990193599998,100.5,100.4893,-0.0106
245.19990192,100.5,100.4893,-0.0106
245.239901904,100.5,100.4893,-0.0106
245.279901888,100.5,100.4893,-0.0106
245.319901872,100.5,100.4893,-0.0106
245.359901856,100.5,100.4893,-0.0106
245.39990183999998,100.5,100.4893,-0.0106
245.439901824,100.5,100.4894,-0.0105
245.479901808,100.5,100.4894,-0.0105
245.519901792,100.5,100.4894,-0.0105
245.55990177599998,100.5,100.4894,-0.0105
245.59990176,100.5,100.4894,-0.0105
245.63990174399999,100.5,100.4894,-0.0105
245.679901728,100.5,100.4894,-0.0105
245.719901712,100.5,100.4894,-0.0105
245.759901696,100.5,100.4894,-0.0105
245.79990167999998,100.5,100.4894,-0.0105
245.839901664,100.5,100.4894,-0.0105
245.879901648,100.5,100.4894,-0.0105
245.919901632,100.5,100.4894,-0.0105
245.959901616,100.5,100.4894,-0.0105
245.9999016,100.5,100.4894,-0.0105
246.039901584,100.5,100.4894,-0.0105
246.079901568,100.5,100.4894,-0.0105
246.11990155200002,100.5,100.4894,-0.0105
246.159901536,100.5,100.4895,-0.0104
246.19990152,100.5,100.4895,-0.0104
246.239901504,100.5,100.4895,-0.0104
246.279901488,100.5,100.4895,-0.0104
246.319901472,100.5,100.4895,-0.0104
246.35990145600002,100.5,100.4895,-0.0104
246.39990143999998,100.5,100.4895,-0.0103
246.439901424,100.5,100.4896,-0.0103
246.479901408,100.5,100.4895,-0.0103
246.519901392,100.5,100.4895,-0.0104
246.559901376,100.5,100.4895,-0.0104
246.59990136,100.5,100.4896,-0.0103
246.63990134399998,100.5,100.4896,-0.0103
246.679901328,100.5,100.4896,-0.0103
246.719901312,100.5,100.4896,-0.0103
246.759901296,100.5,100.4896,-0.0103
246.79990127999997,100.5,100.4895,-0.0103
246.839901264,100.5,100.4895,-0.0104
246.87990124799998,100.5,100.4896,-0.0103
246.919901232,100.5,100.4896,-0.0103
246.959901216,100.5,100.4896,-0.0103
246.99990119999998,100.5,100.4896,-0.0102
247.039901184,100.5,100.4896,-0.0102
247.079901168,100.5,100.4897,-0.0102
247.119901152,100.5,100.4897,-0.0102
247.159901136,100.5,100.4897,-0.0102
247.19990112000002,100.5,100.4898,-0.0101
247.23990110399998,100.5,100.4898,-0.0101
247.279901088,100.5,100.4898,-0.0101
247.319901072,100.5,100.4898,-0.0101
247.359901056,100.5,100.4898,-0.01
247.39990104,100.5,100.4899,-0.01
247.439901024,100.5,100.4898,-0.01
247.47990100799998,100.5,100.4898,-0.01
247.519900992,100.5,100.4898,-0.0101
247.559900976,100.5,100.4898,-0.0101
247.59990096,100.5,100.4898,-0.0101
247.63990094399998,100.5,100.4898,-0.0101
247.679900928,100.5,100.4898,-0.0101
247.71990091199999,100.5,100.4898,-0.0101
247.759900896,100.5,100.4898,-0.01
247.79990088,100.5,100.4899,-0.01
247.839900864,100.5,100.4899,-0.01
247.87990084799998,100.5,100.4899,-0.01
247.919900832,100.5,100.4899,-0.01
247.959900816,100.5,100.4899,-0.01
247.9999008,100.5,100.4899,-0.01
248.039900784,100.5,100.4899,-0.01
248.079900768,100.5,100.49,-0.0099
248.119900752,100.5,100.4899,-0.01
248.159900736,100.5,100.4899,-0.01
248.19990072000002,100.5,100.49,-0.0099
248.23990070399998,100.5,100.49,-0.0099
248.279900688,100.5,100.49,-0.0099
248.319900672,100.5,100.49,-0.0099
248.359900656,100.5,100.49,-0.0099
248.39990064,100.5,100.49,-0.0099
248.43990062400002,100.5,100.49,-0.0099
248.47990060799998,100.5,100.49,-0.0099
248.519900592,100.5,100.49,-0.0099
248.559900576,100.5,100.49,-0.0099
248.59990056,100.5,100.4899,-0.01
248.639900544,100.5,100.4898,-0.0101
248.679900528,100.5,100.4898,-0.0101
248.71990051199998,100.5,100.4898,-0.0101
248.759900496,100.5,100.4898,-0.0101
248.79990048,100.5,100.4898,-0.0101
248.839900464,100.5,100.4897,-0.0102
248.87990044799997,100.5,100.4897,-0.0102
248.919900432,100.5,100.4897,-0.0102
248.95990041599998,100.5,100.4897,-0.0102
248.9999004,100.5,100.4897,-0.0102
249.03990038400002,100.5,100.4897,-0.0102
249.07990036799998,100.5,100.4897,-0.0102
249.119900352,100.5,100.4897,-0.0102
249.159900336,100.5,100.4897,-0.0102
249.19990032,100.5,100.4898,-0.0101
249.239900304,100.5,100.4897,-0.0102
249.279900288,100.5,100.4897,-0.0102
249.31990027199998,100.5,100.4897,-0.0102
249.359900256,100.5,100.4897,-0.0102
249.39990024,100.5,100.4897,-0.0102
249.439900224,100.5,100.4897,-0.0102
249.47990020799998,100.5,100.4897,-0.0102
249.519900192,100.5,100.4897,-0.0102
249.55990017599999,100.5,100.4897,-0.0102
249.59990016,100.5,100.4896,-0.0102
249.639900144,100.5,100.4896,-0.0102
249.679900128,100.5,100.4897,-0.0102
249.71990011199998,100.5,100.4896,-0.0102
249.759900096,100.5,100.4896,-0.0103
249.79990008,100.5,100.4896,-0.0103
249.839900064,100.5,100.4896,-0.0103
249.879900048,100.5,100.4895,-0.0103
249.919900032,100.5,100.4896,-0.0103
249.959900016,100.5,100.4895,-0.0103
249.9999,100.5,100.4896,-0.0103
250.03989998400002,100.5,100.4895,-0.0104
250.079899968,100.5,100.4895,-0.0104
250.11989995200003,100.5,100.4896,-0.0103
250.15989993600002,100.5,100.4895,-0.0104
250.19989992000004,100.5,100.4895,-0.0104
250.23989990399997,100.5,100.4895,-0.0104
250.279899888,100.5,100.4895,-0.0104
250.31989987199998,100.5,100.4894,-0.0105
250.359899856,100.5,100.4894,-0.0105
250.39989984,100.5,100.4894,-0.0105
250.439899824,100.5,100.4893,-0.0106
250.479899808,100.5,100.4893,-0.0106
250.51989979200002,100.5,100.4893,-0.0106
250.559899776,100.5,100.4893,-0.0106
250.59989976000003,100.5,100.4893,-0.0106
250.63989974399996,100.5,100.4893,-0.0106
250.67989972799998,100.5,100.4893,-0.0106
250.71989971199997,100.5,100.4893,-0.0106
250.759899696,100.5,100.4893,-0.0106
250.79989967999998,100.5,100.4893,-0.0106
250.839899664,100.5,100.4893,-0.0106
250.879899648,100.5,100.4893,-0.0106
250.919899632,100.5,100.4893,-0.0105
250.959899616,100.5,100.4893,-0.0106
250.99989960000002,100.5,100.4893,-0.0106
251.03989958399998,100.5,100.4893,-0.0106
251.07989956799997,100.5,100.4894,-0.0105
251.119899552,100.5,100.4894,-0.0105
251.15989953599998,100.5,100.4893,-0.0106
251.19989952,100.5,100.4893,-0.0106
251.239899504,100.5,100.4893,-0.0106
251.279899488,100.5,100.4893,-0.0106
251.319899472,100.5,100.4893,-0.0106
251.35989945600002,100.5,100.4892,-0.0107
251.39989944,100.5,100.4892,-0.0107
251.43989942400003,100.5,100.4892,-0.0107
251.47989940799997,100.5,100.4891,-0.0108
251.51989939199999,100.5,100.4892,-0.0107
251.55989937599998,100.5,100.4892,-0.0107
251.59989936,100.5,100.4892,-0.0107
251.63989934399999,100.5,100.4892,-0.0106
251.679899328,100.5,100.4892,-0.0107
251.719899312,100.5,100.4892,-0.0107
251.75989929600001,100.5,100.4892,-0.0107
251.79989928,100.5,100.4892,-0.0107
251.83989926400002,100.5,100.4892,-0.0107
251.87989924799996,100.5,100.4892,-0.0107
251.91989923199998,100.5,100.4892,-0.0107
251.959899216,100.5,100.4892,-0.0107
251.9998992,100.5,100.4892,-0.0107
252.039899184,100.5,100.4892,-0.0107
252.079899168,100.5,100.4892,-0.0107
252.11989915200002,100.5,100.4892,-0.0107
252.159899136,100.5,100.4892,-0.0107
252.19989912000003,100.5,100.4892,-0.0107
252.23989910400002,100.5,100.4892,-0.0107
252.27989908799998,100.5,100.4892,-0.0107
252.31989907199997,100.5,100.4892,-0.0107
252.359899056,100.5,100.4891,-0.0108
252.39989903999998,100.5,100.4892,-0.0107
252.439899024,100.5,100.4891,-0.0108
252.479899008,100.5,100.4891,-0.0108
252.519898992,100.5,100.4891,-0.0108
252.559898976,100.5,100.4891,-0.0108
252.59989896000002,100.5,100.489,-0.0109
252.639898944,100.5,100.489,-0.0109
252.67989892800003,100.5,100.489,-0.0109
252.71989891199996,100.5,100.489,-0.0109
252.75989889599998,100.5,100.489,-0.0109
252.79989887999997,100.5,100.489,-0.0109
252.839898864,100.5,100.489,-0.0109
252.87989884799998,100.5,100.489,-0.0109
252.919898832,100.5,100.489,-0.0109
252.95989881600002,100.5,100.489,-0.0109
252.9998988,100.5,100.489,-0.0109
253.03989878400003,100.5,100.489,-0.0109
253.07989876800002,100.5,100.489,-0.0109
253.11989875199998,100.5,100.489,-0.0109
253.15989873599997,100.5,100.489,-0.0109
253.19989872,100.5,100.489,-0.0109
253.23989870399998,100.5,100.489,-0.0109
253.279898688,100.5,100.4889,-0.011
253.319898672,100.5,100.4889,-0.011
253.359898656,100.5,100.4889,-0.011
253.39989864,100.5,100.4889,-0.011
253.43989862400002,100.5,100.4889,-0.011
253.479898608,100.5,100.489,-0.0109
253.51989859199998,100.5,100.489,-0.0109
253.55989857599997,100.5,100.489,-0.0109
253.59989855999999,100.5,100.489,-0.0109
253.63989854399998,100.5,100.4891,-0.0108
253.679898528,100.5,100.4891,-0.0108
253.719898512,100.5,100.4891,-0.0108
253.759898496,100.5,100.4891,-0.0108
253.79989848,100.5,100.4891,-0.0108
253.83989846400002,100.5,100.4891,-0.0108
253.879898448,100.5,100.4891,-0.0108
253.91989843200002,100.5,100.4892,-0.0107
253.959898416,100.5,100.4892,-0.0107
253.99989839999998,100.5,100.4892,-0.0107
254.039898384,100.5,100.4892,-0.0107
254.079898368,100.5,100.4892,-0.0107
254.119898352,100.5,100.4892,-0.0107
254.159898336,100.5,100.4892,-0.0107
254.19989832000002,100.5,100.4893,-0.0106
254.239898304,100.5,100.4893,-0.0106
254.27989828800003,100.5,100.4893,-0.0106
254.31989827200002,100.5,100.4893,-0.0106
254.35989825599998,100.5,100.4894,-0.0105
254.39989823999997,100.5,100.4895,-0.0104
254.439898224,100.5,100.4895,-0.0103
254.47989820799998,100.5,100.4896,-0.0103
254.519898192,100.5,100.4896,-0.0103
254.559898176,100.5,100.4897,-0.0102
254.59989816,100.5,100.4897,-0.0102
254.639898144,100.5,100.4898,-0.0101
254.67989812800002,100.5,100.4898,-0.0101
254.719898112,100.5,100.4898,-0.0101
254.75989809599997,100.5,100.4898,-0.0101
254.79989807999996,100.5,100.4898,-0.0101
254.83989806399998,100.5,100.4898,-0.0101
254.87989804799997,100.5,100.4898,-0.0101
254.919898032,100.5,100.4898,-0.0101
254.959898016,100.5,100.4898,-0.01
254.999898,100.5,100.4898,-0.01
255.03989798400002,100.5,100.4898,-0.01
255.079897968,100.5,100.4899,-0.01
255.11989795200003,100.5,100.4899,-0.01
255.15989793600002,100.5,100.49,-0.0099
255.19989791999998,100.5,100.49,-0.0099
255.23989790399997,100.5,100.4901,-0.0098
255.279897888,100.5,100.4901,-0.0098
255.31989787199998,100.5,100.4901,-0.0098
255.359897856,100.5,100.4901,-0.0097
255.39989784,100.5,100.4901,-0.0097
255.439897824,100.5,100.4902,-0.0097
255.479897808,100.5,100.4901,-0.0098
255.51989779200002,100.5,100.4901,-0.0098
255.559897776,100.5,100.4901,-0.0098
255.59989775999998,100.5,100.4901,-0.0098
255.63989774399997,100.5,100.4901,-0.0098
255.679897728,100.5,100.4901,-0.0098
255.71989771199998,100.5,100.4901,-0.0098
255.759897696,100.5,100.4901,-0.0098
255.79989768,100.5,100.4901,-0.0098
255.839897664,100.5,100.4902,-0.0097
255.879897648,100.5,100.4902,-0.0097
255.91989763200002,100.5,100.4902,-0.0097
255.95989761600003,100.5,100.4902,-0.0096
255.99989759999997,100.5,100.4902,-0.0097
256.03989758399996,100.5,100.4902,-0.0097
256.079897568,100.5,100.4902,-0.0097
256.119897552,100.5,100.4902,-0.0097
256.159897536,100.5,100.4902,-0.0097
256.19989752,100.5,100.4902,-0.0097
256.239897504,100.5,100.4902,-0.0097
256.279897488,100.5,100.4902,-0.0097
256.31989747200004,100.5,100.4902,-0.0097
256.359897456,100.5,100.4902,-0.0097
256.39989744,100.5,100.4901,-0.0098
256.439897424,100.5,100.4901,-0.0098
256.479897408,100.5,100.4901,-0.0098
256.51989739199996,100.5,100.4901,-0.0098
256.559897376,100.5,100.4902,-0.0097
256.59989736,100.5,100.4901,-0.0098
256.639897344,100.5,100.4901,-0.0098
256.679897328,100.5,100.4901,-0.0098
256.719897312,100.5,100.49,-0.0098
256.759897296,100.5,100.49,-0.0099
256.79989728000004,100.5,100.49,-0.0099
256.83989726399994,100.5,100.4899,-0.01
256.87989724799996,100.5,100.4899,-0.01
256.919897232,100.5,100.4899,-0.01
256.959897216,100.5,100.49,-0.0099
256.9998972,100.5,100.4899,-0.01
257.039897184,100.5,100.4899,-0.01
257.079897168,100.5,100.4899,-0.01
257.119897152,100.5,100.4898,-0.0101
257.15989713600004,100.5,100.4898,-0.0101
257.19989712,100.5,100.4898,-0.0101
257.23989710399997,100.5,100.4897,-0.0102
257.279897088,100.5,100.4898,-0.0101
257.319897072,100.5,100.4897,-0.0102
257.35989705599997,100.5,100.4897,-0.0102
257.39989704,100.5,100.4896,-0.0103
257.439897024,100.5,100.4896,-0.0103
257.479897008,100.5,100.4895,-0.0104
257.519896992,100.5,100.4895,-0.0104
257.559896976,100.5,100.4894,-0.0105
257.59989696,100.5,100.4893,-0.0106
257.639896944,100.5,100.4893,-0.0106
257.67989692799995,100.5,100.4893,-0.0106
257.71989691199997,100.5,100.4892,-0.0106
257.759896896,100.5,100.4892,-0.0107
257.79989688,100.5,100.4892,-0.0107
257.83989686399997,100.5,100.4891,-0.0108
257.879896848,100.5,100.4891,-0.0108
257.919896832,100.5,100.4891,-0.0108
257.959896816,100.5,100.4891,-0.0108
257.99989680000004,100.5,100.489,-0.0109
258.039896784,100.5,100.489,-0.0109
258.07989676799997,100.5,100.4889,-0.011
258.119896752,100.5,100.4889,-0.011
258.159896736,100.5,100.4889,-0.011
258.19989671999997,100.5,100.4889,-0.011
258.239896704,100.5,100.4889,-0.011
258.279896688,100.5,100.4889,-0.011
258.319896672,100.5,100.4888,-0.0111
258.359896656,100.5,100.4888,-0.0111
258.39989664,100.5,100.4888,-0.0111
258.439896624,100.5,100.4887,-0.0112
258.479896608,100.5,100.4887,-0.0112
258.51989659199995,100.5,100.4887,-0.0112
258.55989657599997,100.5,100.4886,-0.0113
258.59989656,100.5,100.4886,-0.0113
258.639896544,100.5,100.4886,-0.0113
258.679896528,100.5,100.4886,-0.0113
258.719896512,100.5,100.4886,-0.0113
258.759896496,100.5,100.4886,-0.0113
258.79989648000003,100.5,100.4885,-0.0114
258.839896464,100.5,100.4885,-0.0114
258.87989644799995,100.5,100.4885,-0.0114
258.919896432,100.5,100.4885,-0.0114
258.959896416,100.5,100.4885,-0.0114
258.9998964,100.5,100.4885,-0.0114
259.039896384,100.5,100.4884,-0.0115
259.079896368,100.5,100.4884,-0.0115
259.119896352,100.5,100.4884,-0.0115
259.15989633600003,100.5,100.4884,-0.0115
259.19989632,100.5,100.4884,-0.0115
259.239896304,100.5,100.4884,-0.0115
259.27989628800003,100.5,100.4883,-0.0116
259.319896272,100.5,100.4883,-0.0116
259.35989625599996,100.5,100.4882,-0.0117
259.39989624,100.5,100.4882,-0.0117
259.439896224,100.5,100.4882,-0.0117
259.479896208,100.5,100.4882,-0.0117
259.519896192,100.5,100.4882,-0.0117
259.559896176,100.5,100.4882,-0.0117
259.59989616,100.5,100.4882,-0.0117
259.63989614400003,100.5,100.4882,-0.0117
259.679896128,100.5,100.4882,-0.0117
259.71989611199996,100.5,100.4882,-0.0117
259.759896096,100.5,100.4881,-0.0118
259.79989608,100.5,100.4882,-0.0117
259.83989606399996,100.5,100.4882,-0.0117
259.879896048,100.5,100.4881,-0.0118
259.919896032,100.5,100.4882,-0.0117
259.959896016,100.5,100.4882,-0.0117
259.99989600000004,100.5,100.4882,-0.0117
260.039895984,100.5,100.4881,-0.0118
260.079895968,100.5,100.4882,-0.0117
260.119895952,100.5,100.4881,-0.0118
260.159895936,100.5,100.4881,-0.0118
260.19989591999996,100.5,100.488,-0.0119
260.239895904,100.5,100.488,-0.0119
260.279895888,100.5,100.4879,-0.0119
260.319895872,100.5,100.488,-0.0119
260.359895856,100.5,100.4879,-0.0119
260.39989584,100.5,100.4879,-0.012
260.439895824,100.5,100.4879,-0.012
260.47989580800004,100.5,100.4879,-0.012
260.519895792,100.5,100.4878,-0.0121
260.55989577599996,100.5,100.4878,-0.0121
260.59989576,100.5,100.4879,-0.012
260.639895744,100.5,100.4878,-0.0121
260.67989572799996,100.5,100.4878,-0.0121
260.719895712,100.5,100.4879,-0.012
260.759895696,100.5,100.4879,-0.012
260.79989568,100.5,100.4879,-0.012
260.839895664,100.5,100.4878,-0.0121
260.879895648,100.5,100.4878,-0.0121
260.919895632,100.5,100.4878,-0.0121
260.959895616,100.5,100.4877,-0.0121
260.9998956,100.5,100.4877,-0.0121
261.03989558399996,100.5,100.4877,-0.0121
261.079895568,100.5,100.4877,-0.0122
261.119895552,100.5,100.4877,-0.0122
261.159895536,100.5,100.4877,-0.0122
261.19989552,100.5,100.4877,-0.0121
261.239895504,100.5,100.4877,-0.0122
261.279895488,100.5,100.4877,-0.0122
261.31989547200004,100.5,100.4877,-0.0121
261.35989545599995,100.5,100.4877,-0.0122
261.39989543999997,100.5,100.4877,-0.0122
261.439895424,100.5,100.4877,-0.0122
261.479895408,100.5,100.4877,-0.0122
261.51989539199997,100.5,100.4877,-0.0122
261.559895376,100.5,100.4877,-0.0122
261.59989536,100.5,100.4877,-0.0122
261.639895344,100.5,100.4876,-0.0123
261.679895328,100.5,100.4876,-0.0123
261.719895312,100.5,100.4876,-0.0123
261.759895296,100.5,100.4876,-0.0123
261.79989528,100.5,100.4876,-0.0123
261.839895264,100.5,100.4876,-0.0123
261.87989524799997,100.5,100.4875,-0.0124
261.919895232,100.5,100.4876,-0.0123
261.959895216,100.5,100.4876,-0.0123
261.9998952,100.5,100.4876,-0.0122
262.039895184,100.5,100.4876,-0.0123
262.079895168,100.5,100.4877,-0.0122
262.119895152,100.5,100.4877,-0.0122
262.15989513600005,100.5,100.4877,-0.0122
262.19989511999995,100.5,100.4877,-0.0122
262.23989510399997,100.5,100.4877,-0.0122
262.279895088,100.5,100.4877,-0.0122
262.319895072,100.5,100.4877,-0.0121
262.35989505599997,100.5,100.4877,-0.0121
262.39989504,100.5,100.4878,-0.0121
262.439895024,100.5,100.4878,-0.0121
262.479895008,100.5,100.4878,-0.0121
262.519894992,100.5,100.4878,-0.0121
262.559894976,100.5,100.4879,-0.012
262.59989496,100.5,100.4879,-0.012
262.639894944,100.5,100.4879,-0.0119
262.67989492799995,100.5,100.488,-0.0119
262.719894912,100.5,100.488,-0.0119
262.759894896,100.5,100.4881,-0.0118
262.79989488,100.5,100.4881,-0.0118
262.839894864,100.5,100.4881,-0.0118
262.879894848,100.5,100.4881,-0.0118
262.919894832,100.5,100.4881,-0.0118
262.95989481600003,100.5,100.4881,-0.0118
262.99989480000005,100.5,100.4881,-0.0118
263.03989478399996,100.5,100.4881,-0.0118
263.079894768,100.5,100.4881,-0.0118
263.119894752,100.5,100.4881,-0.0118
263.159894736,100.5,100.4881,-0.0118
263.19989472,100.5,100.4881,-0.0118
263.239894704,100.5,100.4881,-0.0118
263.279894688,100.5,100.4881,-0.0118
263.31989467200003,100.5,100.4881,-0.0118
263.359894656,100.5,100.488,-0.0118
263.39989464,100.5,100.4881,-0.0118
263.439894624,100.5,100.4881,-0.0118
263.479894608,100.5,100.4881,-0.0118
263.51989459199996,100.5,100.4881,-0.0118
263.559894576,100.5,100.4881,-0.0118
263.59989456,100.5,100.4882,-0.0117
263.639894544,100.5,100.4882,-0.0117
263.679894528,100.5,100.4882,-0.0117
263.719894512,100.5,100.4883,-0.0116
263.759894496,100.5,100.4883,-0.0116
263.79989448000003,100.5,100.4883,-0.0116
263.839894464,100.5,100.4883,-0.0116
263.87989444799996,100.5,100.4884,-0.0115
263.919894432,100.5,100.4884,-0.0115
263.959894416,100.5,100.4884,-0.0115
263.9998944,100.5,100.4884,-0.0115
264.039894384,100.5,100.4884,-0.0115
264.079894368,100.5,100.4884,-0.0114
264.119894352,100.5,100.4884,-0.0115
264.15989433600004,100.5,100.4884,-0.0115
264.19989432,100.5,100.4884,-0.0115
264.239894304,100.5,100.4884,-0.0115
264.279894288,100.5,100.4884,-0.0115
264.319894272,100.5,100.4884,-0.0115
264.35989425599996,100.5,100.4884,-0.0115
264.39989424,100.5,100.4884,-0.0115
264.439894224,100.5,100.4884,-0.0115
264.479894208,100.5,100.4884,-0.0115
264.519894192,100.5,100.4884,-0.0115
264.559894176,100.5,100.4884,-0.0115
264.59989416,100.5,100.4884,-0.0115
264.63989414400004,100.5,100.4884,-0.0115
264.67989412799994,100.5,100.4884,-0.0115
264.71989411199996,100.5,100.4884,-0.0115
264.759894096,100.5,100.4884,-0.0115
264.79989408,100.5,100.4884,-0.0115
264.83989406399996,100.5,100.4884,-0.0115
264.879894048,100.5,100.4884,-0.0115
264.919894032,100.5,100.4884,-0.0115
264.959894016,100.5,100.4884,-0.0115
264.99989400000004,100.5,100.4884,-0.0115
265.039893984,100.5,100.4884,-0.0115
265.07989396799996,100.5,100.4884,-0.0115
265.119893952,100.5,100.4884,-0.0114
265.159893936,100.5,100.4885,-0.0114
265.19989391999997,100.5,100.4884,-0.0115
265.239893904,100.5,100.4885,-0.0114
265.279893888,100.5,100.4885,-0.0114
265.319893872,100.5,100.4885,-0.0114
265.359893856,100.5,100.4885,-0.0114
265.39989384,100.5,100.4885,-0.0114
265.439893824,100.5,100.4885,-0.0114
265.47989380800004,100.5,100.4884,-0.0115
265.51989379199995,100.5,100.4884,-0.0114
265.55989377599997,100.5,100.4884,-0.0115
265.59989376,100.5,100.4884,-0.0115
265.639893744,100.5,100.4884,-0.0115
265.67989372799997,100.5,100.4884,-0.0115
265.719893712,100.5,100.4884,-0.0115
265.759893696,100.5,100.4884,-0.0115
265.79989368,100.5,100.4884,-0.0115
265.839893664,100.5,100.4884,-0.0115
265.879893648,100.5,100.4883,-0.0116
265.91989363199997,100.5,100.4883,-0.0116
265.959893616,100.5,100.4883,-0.0116
265.9998936,100.5,100.4883,-0.0116
266.03989358399997,100.5,100.4883,-0.0116
266.079893568,100.5,100.4883,-0.0116
266.119893552,100.5,100.4883,-0.0116
266.159893536,100.5,100.4883,-0.0116
266.19989352,100.5,100.4883,-0.0116
266.239893504,100.5,100.4883,-0.0116
266.279893488,100.5,100.4884,-0.0115
266.319893472,100.5,100.4883,-0.0116
266.35989345599995,100.5,100.4884,-0.0115
266.39989343999997,100.5,100.4884,-0.0115
266.439893424,100.5,100.4884,-0.0114
266.479893408,100.5,100.4884,-0.0114
266.519893392,100.5,100.4885,-0.0114
266.559893376,100.5,100.4885,-0.0113
266.59989336,100.5,100.4886,-0.0113
266.63989334400003,100.5,100.4886,-0.0113
266.679893328,100.5,100.4886,-0.0113
266.719893312,100.5,100.4886,-0.0113
266.759893296,100.5,100.4886,-0.0113
266.79989328,100.5,100.4885,-0.0113
266.839893264,100.5,100.4886,-0.0113
266.879893248,100.5,100.4886,-0.0113
266.919893232,100.5,100.4885,-0.0114
266.959893216,100.5,100.4885,-0.0113
266.99989320000003,100.5,100.4885,-0.0114
267.039893184,100.5,100.4885,-0.0113
267.079893168,100.5,100.4886,-0.0113
267.11989315200003,100.5,100.4886,-0.0113
267.159893136,100.5,100.4886,-0.0113
267.19989311999996,100.5,100.4885,-0.0114
267.239893104,100.5,100.4885,-0.0114
267.279893088,100.5,100.4885,-0.0114
267.319893072,100.5,100.4885,-0.0114
267.359893056,100.5,100.4886,-0.0113
267.39989304,100.5,100.4886,-0.0113
267.439893024,100.5,100.4887,-0.0112
267.47989300800003,100.5,100.4887,-0.0112
267.519892992,100.5,100.4887,-0.0112
267.55989297599996,100.5,100.4888,-0.0111
267.59989296,100.5,100.4887,-0.0111
267.639892944,100.5,100.4888,-0.0111
267.67989292799996,100.5,100.4889,-0.011
267.719892912,100.5,100.4889,-0.011
267.759892896,100.5,100.489,-0.0109
267.79989288,100.5,100.489,-0.0109
267.83989286400003,100.5,100.489,-0.0109
267.879892848,100.5,100.4891,-0.0108
267.919892832,100.5,100.4891,-0.0108
267.95989281600004,100.5,100.4892,-0.0107
267.9998928,100.5,100.4891,-0.0108
268.03989278399996,100.5,100.4892,-0.0107
268.079892768,100.5,100.4892,-0.0106
268.119892752,100.5,100.4893,-0.0106
268.159892736,100.5,100.4894,-0.0105
268.19989272,100.5,100.4894,-0.0105
268.239892704,100.5,100.4894,-0.0105
268.279892688,100.5,100.4894,-0.0105
268.31989267200004,100.5,100.4894,-0.0105
268.359892656,100.5,100.4895,-0.0104
268.39989263999996,100.5,100.4895,-0.0104
268.439892624,100.5,100.4895,-0.0104
268.479892608,100.5,100.4894,-0.0105
268.51989259199996,100.5,100.4894,-0.0105
268.559892576,100.5,100.4895,-0.0104
268.59989256,100.5,100.4894,-0.0105
268.639892544,100.5,100.4895,-0.0104
268.679892528,100.5,100.4895,-0.0104
268.719892512,100.5,100.4895,-0.0104
268.759892496,100.5,100.4895,-0.0103
268.79989248,100.5,100.4896,-0.0103
268.839892464,100.5,100.4896,-0.0103
268.87989244799996,100.5,100.4896,-0.0103
268.919892432,100.5,100.4896,-0.0102
268.959892416,100.5,100.4897,-0.0102
268.9998924,100.5,100.4896,-0.0102
269.039892384,100.5,100.4897,-0.0102
269.079892368,100.5,100.4897,-0.0102
269.119892352,100.5,100.4897,-0.0102
269.15989233600004,100.5,100.4898,-0.0101
269.19989232,100.5,100.4898,-0.0101
269.23989230399997,100.5,100.4898,-0.0101
269.279892288,100.5,100.4898,-0.0101
269.319892272,100.5,100.4898,-0.0101
269.35989225599997,100.5,100.4898,-0.01
269.39989224,100.5,100.4899,-0.01
269.439892224,100.5,100.4899,-0.01
269.479892208,100.5,100.4899,-0.01
269.519892192,100.5,100.4898,-0.01
269.559892176,100.5,100.4899,-0.01
269.59989216,100.5,100.4898,-0.01
269.639892144,100.5,100.4898,-0.0101
269.67989212799995,100.5,100.4898,-0.0101
269.71989211199997,100.5,100.4898,-0.0101
269.759892096,100.5,100.4898,-0.0101
269.79989208,100.5,100.4898,-0.0101
269.839892064,100.5,100.4898,-0.0101
269.879892048,100.5,100.4898,-0.0101
269.919892032,100.5,100.4898,-0.0101
269.959892016,100.5,100.4899,-0.01
269.99989200000005,100.5,100.4898,-0.01
270.03989198399995,100.5,100.4898,-0.01
270.07989196799997,100.5,100.4899,-0.01
270.119891952,100.5,100.4899,-0.01
270.159891936,100.5,100.4899,-0.01
270.19989191999997,100.5,100.4899,-0.01
270.239891904,100.5,100.4899,-0.01
270.279891888,100.5,100.4899,-0.01
270.319891872,100.5,100.4899,-0.01
270.359891856,100.5,100.4899,-0.01
270.39989184,100.5,100.4899,-0.01
270.43989182400003,100.5,100.49,-0.0099
270.479891808,100.5,100.49,-0.0099
270.51989179199995,100.5,100.49,-0.0099
270.559891776,100.5,100.49,-0.0099
270.59989176,100.5,100.49,-0.0099
270.639891744,100.5,100.49,-0.0099
270.679891728,100.5,100.4899,-0.01
270.719891712,100.5,100.4899,-0.01
270.759891696,100.5,100.4899,-0.01
270.79989168000003,100.5,100.4899,-0.01
270.839891664,100.5,100.4899,-0.01
270.87989164799995,100.5,100.4898,-0.01
270.919891632,100.5,100.4898,-0.0101
270.959891616,100.5,100.4898,-0.0101
270.9998916,100.5,100.4898,-0.0101
271.039891584,100.5,100.4898,-0.0101
271.079891568,100.5,100.4898,-0.0101
271.119891552,100.5,100.4898,-0.0101
271.15989153600003,100.5,100.4898,-0.0101
271.19989152,100.5,100.4898,-0.0101
271.239891504,100.5,100.4898,-0.0101
271.279891488,100.5,100.4898,-0.0101
271.319891472,100.5,100.4898,-0.0101
271.35989145599996,100.5,100.4898,-0.0101
271.39989144,100.5,100.4898,-0.0101
271.439891424,100.5,100.4898,-0.0101
271.479891408,100.5,100.4898,-0.0101
271.519891392,100.5,100.4898,-0.0101
271.559891376,100.5,100.4897,-0.0102
271.59989136,100.5,100.4897,-0.0102
271.63989134400003,100.5,100.4897,-0.0102
271.679891328,100.5,100.4897,-0.0102
271.71989131199996,100.5,100.4897,-0.0102
271.759891296,100.5,100.4897,-0.0102
271.79989128,100.5,100.4897,-0.0102
271.839891264,100.5,100.4897,-0.0102
271.879891248,100.5,100.4897,-0.0102
271.919891232,100.5,100.4898,-0.0101
271.959891216,100.5,100.4898,-0.0101
271.99989120000004,100.5,100.4898,-0.0101
272.039891184,100.5,100.4898,-0.0101
272.079891168,100.5,100.4898,-0.0101
272.119891152,100.5,100.4897,-0.0102
272.159891136,100.5,100.4898,-0.0101
272.19989111999996,100.5,100.4898,-0.0101
272.239891104,100.5,100.4898,-0.0101
272.279891088,100.5,100.4898,-0.0101
272.319891072,100.5,100.4897,-0.0102
272.359891056,100.5,100.4897,-0.0102
272.39989104,100.5,100.4897,-0.0102
272.439891024,100.5,100.4897,-0.0102
272.47989100800004,100.5,100.4897,-0.0102
272.51989099199994,100.5,100.4897,-0.0102
272.55989097599996,100.5,100.4897,-0.0102
272.59989096,100.5,100.4897,-0.0102
272.639890944,100.5,100.4897,-0.0102
272.67989092799996,100.5,100.4897,-0.0102
272.719890912,100.5,100.4898,-0.0101
272.759890896,100.5,100.4898,-0.0101
272.79989088,100.5,100.4898,-0.0101
272.83989086400004,100.5,100.4898,-0.0101
272.879890848,100.5,100.4898,-0.01
272.919890832,100.5,100.4898,-0.01
272.959890816,100.5,100.4899,-0.01
272.9998908,100.5,100.4899,-0.01
273.03989078399997,100.5,100.4899,-0.01
273.079890768,100.5,100.4899,-0.01
273.119890752,100.5,100.4899,-0.01
273.159890736,100.5,100.4899,-0.01
273.19989072,100.5,100.49,-0.0099
273.239890704,100.5,100.4899,-0.01
273.279890688,100.5,100.4899,-0.01
273.31989067200004,100.5,100.4899,-0.01
273.35989065599995,100.5,100.4899,-0.01
273.39989063999997,100.5,100.4899,-0.01
273.439890624,100.5,100.4899,-0.01
273.479890608,100.5,100.4899,-0.01
273.51989059199997,100.5,100.4898,-0.0101
273.559890576,100.5,100.4898,-0.0101
273.59989056,100.5,100.4898,-0.01
273.639890544,100.5,100.4899,-0.01
273.679890528,100.5,100.4899,-0.01
273.719890512,100.5,100.4899,-0.01
273.75989049599997,100.5,100.4899,-0.01
273.79989048,100.5,100.4899,-0.01
273.839890464,100.5,100.4898,-0.01
273.87989044799997,100.5,100.4899,-0.01
273.919890432,100.5,100.4898,-0.0101
273.959890416,100.5,100.4899,-0.01
273.9998904,100.5,100.4899,-0.01
274.039890384,100.5,100.4898,-0.0101
274.079890368,100.5,100.4899,-0.01
274.119890352,100.5,100.4899,-0.01
274.15989033600005,100.5,100.4898,-0.01
274.19989031999995,100.5,100.4898,-0.01
274.23989030399997,100.5,100.4898,-0.01
274.279890288,100.5,100.4899,-0.01
274.319890272,100.5,100.4899,-0.01
274.35989025599997,100.5,100.4899,-0.01
274.39989024,100.5,100.4899,-0.01
274.439890224,100.5,100.4899,-0.01
274.47989020800003,100.5,100.4899,-0.01
274.519890192,100.5,100.4899,-0.01
274.559890176,100.5,100.4898,-0.01
274.59989016,100.5,100.4899,-0.01
274.639890144,100.5,100.4898,-0.01
274.67989012799995,100.5,100.4898,-0.0101
274.719890112,100.5,100.4898,-0.0101
274.759890096,100.5,100.4898,-0.0101
274.79989008,100.5,100.4899,-0.01
274.83989006400003,100.5,100.4898,-0.0101
274.879890048,100.5,100.4898,-0.0101
274.919890032,100.5,100.4898,-0.0101
274.95989001600003,100.5,100.4898,-0.0101
274.99989,100.5,100.4898,-0.0101
275.03988998399996,100.5,100.4897,-0.0102
275.079889968,100.5,100.4897,-0.0102
275.119889952,100.5,100.4897,-0.0102
275.159889936,100.5,100.4897,-0.0102
275.19988992,100.5,100.4897,-0.0102
275.239889904,100.5,100.4897,-0.0102
275.279889888,100.5,100.4897,-0.0102
275.31988987200003,100.5,100.4897,-0.0102
275.359889856,100.5,100.4896,-0.0102
275.39988984,100.5,100.4896,-0.0102
275.439889824,100.5,100.4896,-0.0103
275.479889808,100.5,100.4896,-0.0103
275.51988979199996,100.5,100.4896,-0.0103
275.559889776,100.5,100.4895,-0.0104
275.59988976,100.5,100.4895,-0.0103
275.639889744,100.5,100.4895,-0.0104
275.679889728,100.5,100.4895,-0.0104
275.719889712,100.5,100.4895,-0.0104
275.759889696,100.5,100.4895,-0.0104
275.79988968000004,100.5,100.4895,-0.0104
275.839889664,100.5,100.4894,-0.0105
275.87988964799996,100.5,100.4894,-0.0105
275.919889632,100.5,100.4894,-0.0105
275.959889616,100.5,100.4893,-0.0106
275.9998896,100.5,100.4893,-0.0106
276.039889584,100.5,100.4893,-0.0106
276.079889568,100.5,100.4892,-0.0107
276.119889552,100.5,100.4892,-0.0106
276.15988953600004,100.5,100.4892,-0.0107
276.19988952,100.5,100.4892,-0.0107
276.23988950399996,100.5,100.4892,-0.0107
276.279889488,100.5,100.4892,-0.0107
276.319889472,100.5,100.4892,-0.0107
276.35988945599996,100.5,100.4891,-0.0108
276.39988944,100.5,100.4891,-0.0108
276.439889424,100.5,100.4892,-0.0107
276.479889408,100.5,100.4892,-0.0107
276.519889392,100.5,100.4892,-0.0107
276.559889376,100.5,100.4891,-0.0108
276.59988936,100.5,100.4891,-0.0108
276.63988934400004,100.5,100.4891,-0.0108
276.67988932799994,100.5,100.4891,-0.0108
276.71988931199996,100.5,100.4891,-0.0108
276.759889296,100.5,100.4891,-0.0108
276.79988928,100.5,100.4891,-0.0108
276.839889264,100.5,100.4891,-0.0108
276.879889248,100.5,100.4891,-0.0108
276.919889232,100.5,100.4891,-0.0108
276.959889216,100.5,100.489,-0.0109
276.99988920000004,100.5,100.489,-0.0109
277.039889184,100.5,100.489,-0.0109
277.07988916799997,100.5,100.489,-0.0109
277.119889152,100.5,100.489,-0.0109
277.159889136,100.5,100.489,-0.0109
277.19988911999997,100.5,100.489,-0.0109
277.239889104,100.5,100.489,-0.0109
277.279889088,100.5,100.4889,-0.011
277.319889072,100.5,100.489,-0.0109
277.359889056,100.5,100.489,-0.0109
277.39988904,100.5,100.489,-0.0109
277.439889024,100.5,100.489,-0.0109
277.479889008,100.5,100.4889,-0.011
277.51988899199995,100.5,100.4889,-0.011
277.55988897599997,100.5,100.4888,-0.0111
277.59988896,100.5,100.4888,-0.0111
277.639888944,100.5,100.4888,-0.0111
277.67988892799997,100.5,100.4888,-0.0111
277.719888912,100.5,100.4888,-0.0111
277.759888896,100.5,100.4888,-0.0111
277.79988888,100.5,100.4888,-0.0111
277.83988886400005,100.5,100.4888,-0.0111
277.879888848,100.5,100.4888,-0.0111
277.91988883199997,100.5,100.4888,-0.0111
277.959888816,100.5,100.4887,-0.0111
277.9998888,100.5,100.4887,-0.0112
278.03988878399997,100.5,100.4887,-0.0111
278.079888768,100.5,100.4887,-0.0112
278.119888752,100.5,100.4887,-0.0112
278.159888736,100.5,100.4887,-0.0112
278.19988872,100.5,100.4887,-0.0112
278.239888704,100.5,100.4887,-0.0112
278.279888688,100.5,100.4887,-0.0112
278.319888672,100.5,100.4887,-0.0112
278.35988865599995,100.5,100.4886,-0.0113
278.39988864,100.5,100.4885,-0.0114
278.439888624,100.5,100.4885,-0.0114
278.479888608,100.5,100.4885,-0.0114
278.519888592,100.5,100.4885,-0.0114
278.559888576,100.5,100.4885,-0.0114
278.59988856,100.5,100.4885,-0.0114
278.63988854400003,100.5,100.4885,-0.0114
278.679888528,100.5,100.4884,-0.0114
278.71988851199995,100.5,100.4885,-0.0114
278.759888496,100.5,100.4885,-0.0114
278.79988848,100.5,100.4884,-0.0114
278.839888464,100.5,100.4885,-0.0114
278.879888448,100.5,100.4885,-0.0114
278.919888432,100.5,100.4885,-0.0114
278.959888416,100.5,100.4884,-0.0114
278.99988840000003,100.5,100.4884,-0.0115
279.039888384,100.5,100.4885,-0.0114
279.079888368,100.5,100.4885,-0.0114
279.11988835200003,100.5,100.4885,-0.0114
279.159888336,100.5,100.4885,-0.0114
279.19988831999996,100.5,100.4885,-0.0114
279.239888304,100.5,100.4885,-0.0114
279.279888288,100.5,100.4885,-0.0114
279.319888272,100.5,100.4885,-0.0114
279.359888256,100.5,100.4884,-0.0115
279.39988824,100.5,100.4884,-0.0115
279.439888224,100.5,100.4884,-0.0115
279.47988820800003,100.5,100.4883,-0.0116
279.519888192,100.5,100.4883,-0.0116
279.55988817599996,100.5,100.4883,-0.0116
279.59988816,100.5,100.4883,-0.0116
279.639888144,100.5,100.4882,-0.0117
279.67988812799996,100.5,100.4882,-0.0117
279.719888112,100.5,100.4882,-0.0117
279.759888096,100.5,100.4882,-0.0117
279.79988808,100.5,100.4882,-0.0117
279.83988806400004,100.5,100.4882,-0.0117
279.879888048,100.5,100.4882,-0.0116
279.919888032,100.5,100.4883,-0.0116
279.959888016,100.5,100.4882,-0.0117
279.999888,100.5,100.4882,-0.0116
280.03988798399996,100.5,100.4882,-0.0117
280.079887968,100.5,100.4882,-0.0117
280.119887952,100.5,100.4882,-0.0116
280.159887936,100.5,100.4882,-0.0116
280.19988792,100.5,100.4883,-0.0116
280.239887904,100.5,100.4883,-0.0116
280.279887888,100.5,100.4883,-0.0116
280.31988787200004,100.5,100.4883,-0.0116
280.359887856,100.5,100.4883,-0.0116
280.39988783999996,100.5,100.4883,-0.0116
280.439887824,100.5,100.4883,-0.0116
280.479887808,100.5,100.4883,-0.0116
280.51988779199996,100.5,100.4883,-0.0116
280.559887776,100.5,100.4883,-0.0116
280.59988776,100.5,100.4883,-0.0116
280.639887744,100.5,100.4883,-0.0116
280.679887728,100.5,100.4883,-0.0116
280.719887712,100.5,100.4884,-0.0115
280.759887696,100.5,100.4884,-0.0115
280.79988768,100.5,100.4884,-0.0115
280.839887664,100.5,100.4884,-0.0114
280.87988764799996,100.5,100.4885,-0.0114
280.919887632,100.5,100.4885,-0.0114
280.959887616,100.5,100.4885,-0.0114
280.9998876,100.5,100.4884,-0.0114
281.039887584,100.5,100.4885,-0.0114
281.079887568,100.5,100.4885,-0.0114
281.119887552,100.5,100.4885,-0.0114
281.15988753600004,100.5,100.4885,-0.0114
281.19988751999995,100.5,100.4885,-0.0114
281.23988750399997,100.5,100.4885,-0.0114
281.279887488,100.5,100.4886,-0.0113
281.319887472,100.5,100.4886,-0.0113
281.35988745599997,100.5,100.4886,-0.0113
281.39988744,100.5,100.4886,-0.0112
281.439887424,100.5,100.4887,-0.0112
281.479887408,100.5,100.4887,-0.0112
281.519887392,100.5,100.4887,-0.0112
281.559887376,100.5,100.4888,-0.0111
281.59988736,100.5,100.4888,-0.0111
281.639887344,100.5,100.4888,-0.0111
281.67988732799995,100.5,100.4889,-0.011
281.71988731199997,100.5,100.4889,-0.011
281.759887296,100.5,100.4889,-0.011
281.79988728,100.5,100.4889,-0.011
281.839887264,100.5,100.489,-0.0109
281.879887248,100.5,100.4891,-0.0108
281.919887232,100.5,100.4891,-0.0108
281.959887216,100.5,100.4892,-0.0107
281.99988720000005,100.5,100.4892,-0.0107
282.03988718399995,100.5,100.4893,-0.0106
282.07988716799997,100.5,100.4893,-0.0106
282.119887152,100.5,100.4893,-0.0106
282.159887136,100.5,100.4893,-0.0106
282.19988711999997,100.5,100.4893,-0.0106
282.239887104,100.5,100.4893,-0.0105
282.279887088,100.5,100.4894,-0.0105
282.31988707200003,100.5,100.4894,-0.0105
282.359887056,100.5,100.4894,-0.0105
282.39988704,100.5,100.4894,-0.0105
282.439887024,100.5,100.4894,-0.0105
282.479887008,100.5,100.4895,-0.0104
282.51988699199995,100.5,100.4895,-0.0104
282.559886976,100.5,100.4895,-0.0103
282.59988696,100.5,100.4896,-0.0103
282.639886944,100.5,100.4896,-0.0103
282.679886928,100.5,100.4896,-0.0103
282.719886912,100.5,100.4896,-0.0103
282.759886896,100.5,100.4896,-0.0103
282.79988688000003,100.5,100.4897,-0.0102
282.83988686400005,100.5,100.4897,-0.0102
282.87988684799996,100.5,100.4897,-0.0102
282.919886832,100.5,100.4897,-0.0102
282.959886816,100.5,100.4897,-0.0102
282.9998868,100.5,100.4897,-0.0102
283.039886784,100.5,100.4897,-0.0102
283.079886768,100.5,100.4897,-0.0102
283.119886752,100.5,100.4897,-0.0102
283.15988673600003,100.5,100.4897,-0.0102
283.19988672,100.5,100.4897,-0.0102
283.239886704,100.5,100.4897,-0.0102
283.279886688,100.5,100.4897,-0.0102
283.319886672,100.5,100.4898,-0.0101
283.35988665599996,100.5,100.4898,-0.0101
283.39988664,100.5,100.4898,-0.0101
283.439886624,100.5,100.4898,-0.0101
283.479886608,100.5,100.4898,-0.0101
283.519886592,100.5,100.4898,-0.0101
283.559886576,100.5,100.4898,-0.0101
283.59988656,100.5,100.4897,-0.0102
283.63988654400003,100.5,100.4898,-0.0101
283.679886528,100.5,100.4898,-0.0101
283.71988651199996,100.5,100.4898,-0.0101
283.759886496,100.5,100.4898,-0.0101
283.79988648,100.5,100.4897,-0.0102
283.839886464,100.5,100.4897,-0.0102
283.879886448,100.5,100.4897,-0.0102
283.919886432,100.5,100.4896,-0.0102
283.959886416,100.5,100.4897,-0.0102
283.99988640000004,100.5,100.4896,-0.0102
284.039886384,100.5,100.4896,-0.0103
284.079886368,100.5,100.4896,-0.0103
284.119886352,100.5,100.4895,-0.0103
284.159886336,100.5,100.4895,-0.0104
284.19988631999996,100.5,100.4896,-0.0103
284.239886304,100.5,100.4896,-0.0103
284.279886288,100.5,100.4895,-0.0103
284.319886272,100.5,100.4895,-0.0104
284.359886256,100.5,100.4895,-0.0104
284.39988624,100.5,100.4895,-0.0104
284.439886224,100.5,100.4895,-0.0104
284.47988620800004,100.5,100.4894,-0.0105
284.51988619199994,100.5,100.4894,-0.0105
284.55988617599996,100.5,100.4894,-0.0105
284.59988616,100.5,100.4894,-0.0105
284.639886144,100.5,100.4894,-0.0105
284.679886128,100.5,100.4893,-0.0106
284.719886112,100.5,100.4893,-0.0106
284.759886096,100.5,100.4893,-0.0106
284.79988608,100.5,100.4893,-0.0106
284.83988606400004,100.5,100.4893,-0.0106
284.879886048,100.5,100.4893,-0.0106
284.91988603199997,100.5,100.4893,-0.0106
284.959886016,100.5,100.4893,-0.0106
284.999886,100.5,100.4893,-0.0106
285.03988598399997,100.5,100.4893,-0.0106
285.079885968,100.5,100.4892,-0.0107
285.119885952,100.5,100.4892,-0.0107
285.159885936,100.5,100.4892,-0.0107
285.19988592,100.5,100.4891,-0.0108
285.239885904,100.5,100.4891,-0.0108
285.279885888,100.5,100.4891,-0.0108
285.31988587200004,100.5,100.4891,-0.0108
285.35988585599995,100.5,100.4891,-0.0108
285.39988583999997,100.5,100.489,-0.0109
285.439885824,100.5,100.489,-0.0109
285.479885808,100.5,100.489,-0.0109
285.51988579199997,100.5,100.4889,-0.011
285.559885776,100.5,100.489,-0.0109
285.59988576,100.5,100.4889,-0.011
285.639885744,100.5,100.4889,-0.011
285.679885728,100.5,100.4889,-0.011
285.719885712,100.5,100.4889,-0.011
285.75988569599997,100.5,100.4889,-0.011
285.79988568,100.5,100.4889,-0.011
285.839885664,100.5,100.4889,-0.011
285.87988564799997,100.5,100.4889,-0.011
285.919885632,100.5,100.4888,-0.011
285.959885616,100.5,100.4889,-0.011
285.9998856,100.5,100.4889,-0.011
286.039885584,100.5,100.4889,-0.011
286.079885568,100.5,100.4889,-0.011
286.119885552,100.5,100.4888,-0.011
286.159885536,100.5,100.4889,-0.011
286.19988551999995,100.5,100.4889,-0.011
286.239885504,100.5,100.4889,-0.011
286.279885488,100.5,100.4889,-0.011
286.319885472,100.5,100.4889,-0.011
286.359885456,100.5,100.4889,-0.011
286.39988544,100.5,100.4889,-0.011
286.439885424,100.5,100.4889,-0.011
286.47988540800003,100.5,100.489,-0.0109
286.519885392,100.5,100.4889,-0.011
286.559885376,100.5,100.489,-0.0109
286.59988536,100.5,100.489,-0.0109
286.639885344,100.5,100.489,-0.0109
286.679885328,100.5,100.4891,-0.0108
286.719885312,100.5,100.4891,-0.0108
286.759885296,100.5,100.4891,-0.0108
286.79988528,100.5,100.4891,-0.0108
286.83988526400003,100.5,100.4891,-0.0108
286.879885248,100.5,100.4891,-0.0108
286.919885232,100.5,100.4891,-0.0108
286.95988521600003,100.5,100.4892,-0.0107
286.9998852,100.5,100.4892,-0.0107
287.03988518399996,100.5,100.4892,-0.0107
287.079885168,100.5,100.4893,-0.0106
287.119885152,100.5,100.4893,-0.0106
287.159885136,100.5,100.4893,-0.0106
287.19988512,100.5,100.4893,-0.0106
287.239885104,100.5,100.4893,-0.0106
287.279885088,100.5,100.4894,-0.0105
287.31988507200003,100.5,100.4894,-0.0105
287.359885056,100.5,100.4894,-0.0105
287.39988503999996,100.5,100.4894,-0.0105
287.439885024,100.5,100.4894,-0.0105
287.479885008,100.5,100.4894,-0.0105
287.51988499199996,100.5,100.4894,-0.0105
287.559884976,100.5,100.4895,-0.0104
287.59988496,100.5,100.4895,-0.0104
287.639884944,100.5,100.4895,-0.0104
287.679884928,100.5,100.4896,-0.0103
287.719884912,100.5,100.4895,-0.0104
287.759884896,100.5,100.4896,-0.0103
287.79988488000004,100.5,100.4896,-0.0103
287.839884864,100.5,100.4895,-0.0103
287.87988484799996,100.5,100.4896,-0.0103
287.919884832,100.5,100.4896,-0.0103
287.959884816,100.5,100.4896,-0.0103
287.9998848,100.5,100.4896,-0.0103
288.039884784,100.5,100.4896,-0.0103
288.079884768,100.5,100.4896,-0.0103
288.119884752,100.5,100.4896,-0.0103
288.15988473600004,100.5,100.4896,-0.0103
288.19988472,100.5,100.4896,-0.0103
288.23988470399996,100.5,100.4896,-0.0103
288.279884688,100.5,100.4897,-0.0102
288.319884672,100.5,100.4896,-0.0102
288.35988465599996,100.5,100.4897,-0.0102
288.39988464,100.5,100.4897,-0.0102
288.439884624,100.5,100.4897,-0.0102
288.479884608,100.5,100.4897,-0.0102
288.519884592,100.5,100.4897,-0.0102
288.559884576,100.5,100.4897,-0.0102
288.59988456,100.5,100.4897,-0.0102
288.639884544,100.5,100.4897,-0.0102
288.679884528,100.5,100.4897,-0.0102
288.71988451199996,100.5,100.4897,-0.0102
288.759884496,100.5,100.4897,-0.0102
288.79988448,100.5,100.4898,-0.0101
288.839884464,100.5,100.4898,-0.0101
288.879884448,100.5,100.4898,-0.0101
288.919884432,100.5,100.4898,-0.0101
288.959884416,100.5,100.4898,-0.0101
288.99988440000004,100.5,100.4898,-0.01
289.039884384,100.5,100.4899,-0.01
289.07988436799997,100.5,100.4899,-0.01
289.119884352,100.5,100.4899,-0.01
289.159884336,100.5,100.4899,-0.01
289.19988431999997,100.5,100.4899,-0.01
289.239884304,100.5,100.4899,-0.01
289.279884288,100.5,100.4899,-0.01
289.319884272,100.5,100.4899,-0.01
289.359884256,100.5,100.4899,-0.01
289.39988424,100.5,100.4899,-0.01
289.439884224,100.5,100.4899,-0.01
289.479884208,100.5,100.4899,-0.01
289.51988419199995,100.5,100.4899,-0.01
289.55988417599997,100.5,100.4899,-0.01
289.59988416,100.5,100.4899,-0.01
289.639884144,100.5,100.4899,-0.01
289.679884128,100.5,100.4899,-0.01
289.719884112,100.5,100.4899,-0.01
289.759884096,100.5,100.4899,-0.01
289.79988408,100.5,100.4898,-0.01
289.83988406400005,100.5,100.4898,-0.0101
289.87988404799995,100.5,100.4898,-0.0101
289.91988403199997,100.5,100.4898,-0.0101
289.959884016,100.5,100.4898,-0.0101
289.999884,100.5,100.4897,-0.0102
290.03988398399997,100.5,100.4898,-0.0101
290.079883968,100.5,100.4898,-0.0101
290.119883952,100.5,100.4897,-0.0102
290.159883936,100.5,100.4897,-0.0102
290.19988392,100.5,100.4897,-0.0102
290.239883904,100.5,100.4897,-0.0102
290.27988388800003,100.5,100.4896,-0.0102
290.319883872,100.5,100.4896,-0.0102
290.35988385599995,100.5,100.4896,-0.0103
290.39988384,100.5,100.4896,-0.0103
290.439883824,100.5,100.4896,-0.0103
290.479883808,100.5,100.4896,-0.0103
290.519883792,100.5,100.4896,-0.0103
290.559883776,100.5,100.4895,-0.0103
290.59988376,100.5,100.4896,-0.0103
290.63988374400003,100.5,100.4896,-0.0103
290.67988372800005,100.5,100.4896,-0.0103
290.71988371199996,100.5,100.4895,-0.0104
290.759883696,100.5,100.4895,-0.0104
290.79988368,100.5,100.4895,-0.0103
290.839883664,100.5,100.4895,-0.0104
290.879883648,100.5,100.4895,-0.0104
290.919883632,100.5,100.4895,-0.0104
290.959883616,100.5,100.4895,-0.0104
290.99988360000003,100.5,100.4895,-0.0104
291.039883584,100.5,100.4895,-0.0104
291.079883568,100.5,100.4895,-0.0104
291.119883552,100.5,100.4895,-0.0104
291.159883536,100.5,100.4895,-0.0104
291.19988351999996,100.5,100.4895,-0.0104
291.239883504,100.5,100.4895,-0.0104
291.279883488,100.5,100.4895,-0.0104
291.319883472,100.5,100.4895,-0.0104
291.359883456,100.5,100.4895,-0.0104
291.39988344,100.5,100.4895,-0.0104
291.439883424,100.5,100.4895,-0.0104
291.47988340800003,100.5,100.4895,-0.0104
291.519883392,100.5,100.4894,-0.0105
291.55988337599996,100.5,100.4894,-0.0105
291.59988336,100.5,100.4894,-0.0105
291.639883344,100.5,100.4894,-0.0105
291.679883328,100.5,100.4894,-0.0105
291.719883312,100.5,100.4895,-0.0104
291.759883296,100.5,100.4894,-0.0105
291.79988328,100.5,100.4894,-0.0105
291.83988326400004,100.5,100.4894,-0.0105
291.879883248,100.5,100.4893,-0.0106
291.919883232,100.5,100.4893,-0.0106
291.959883216,100.5,100.4893,-0.0106
291.9998832,100.5,100.4893,-0.0106
292.03988318399996,100.5,100.4892,-0.0107
292.079883168,100.5,100.4892,-0.0107
292.119883152,100.5,100.4892,-0.0107
292.159883136,100.5,100.4891,-0.0108
292.19988312,100.5,100.4891,-0.0108
292.239883104,100.5,100.4892,-0.0107
292.279883088,100.5,100.4891,-0.0108
292.31988307200004,100.5,100.4891,-0.0108
292.35988305599994,100.5,100.4891,-0.0108
292.39988303999996,100.5,100.4892,-0.0107
292.439883024,100.5,100.4891,-0.0108
292.479883008,100.5,100.4891,-0.0108
292.51988299199996,100.5,100.4892,-0.0107
292.559882976,100.5,100.4891,-0.0108
292.59988296,100.5,100.4891,-0.0108
292.639882944,100.5,100.4891,-0.0108
292.67988292800004,100.5,100.4891,-0.0108
292.719882912,100.5,100.4891,-0.0108
292.759882896,100.5,100.4891,-0.0108
292.79988288,100.5,100.4891,-0.0108
292.839882864,100.5,100.489,-0.0109
292.87988284799997,100.5,100.489,-0.0109
292.919882832,100.5,100.489,-0.0109
292.959882816,100.5,100.4889,-0.011
292.9998828,100.5,100.489,-0.0109
293.039882784,100.5,100.489,-0.0109
293.079882768,100.5,100.489,-0.0109
293.119882752,100.5,100.489,-0.0109
293.15988273600004,100.5,100.489,-0.0109
293.19988271999995,100.5,100.489,-0.0109
293.23988270399997,100.5,100.4889,-0.011
293.279882688,100.5,100.4889,-0.011
293.319882672,100.5,100.489,-0.0109
293.35988265599997,100.5,100.489,-0.0109
293.39988264,100.5,100.489,-0.0109
293.439882624,100.5,100.489,-0.0109
293.479882608,100.5,100.489,-0.0109
293.519882592,100.5,100.489,-0.0109
293.559882576,100.5,100.489,-0.0109
293.59988255999997,100.5,100.489,-0.0109
293.639882544,100.5,100.489,-0.0109
293.679882528,100.5,100.489,-0.0109
293.71988251199997,100.5,100.489,-0.0109
293.759882496,100.5,100.4891,-0.0108
293.79988248,100.5,100.4891,-0.0108
293.839882464,100.5,100.4891,-0.0108
293.879882448,100.5,100.4891,-0.0108
293.919882432,100.5,100.4891,-0.0108
293.959882416,100.5,100.4891,-0.0108
293.99988240000005,100.5,100.4891,-0.0108
294.03988238399995,100.5,100.4891,-0.0108
294.07988236799997,100.5,100.4891,-0.0108
294.119882352,100.5,100.4892,-0.0107
294.159882336,100.5,100.4891,-0.0108
294.19988232,100.5,100.4891,-0.0108
294.239882304,100.5,100.4892,-0.0107
294.279882288,100.5,100.4891,-0.0108
294.31988227200003,100.5,100.4892,-0.0107
294.359882256,100.5,100.4892,-0.0107
294.39988224,100.5,100.4891,-0.0108
294.439882224,100.5,100.4891,-0.0108
294.479882208,100.5,100.4891,-0.0108
294.51988219199995,100.5,100.4892,-0.0107
294.559882176,100.5,100.4891,-0.0108
294.59988216,100.5,100.4892,-0.0107
294.639882144,100.5,100.4892,-0.0107
294.67988212800003,100.5,100.4891,-0.0108
294.719882112,100.5,100.4892,-0.0107
294.759882096,100.5,100.4892,-0.0107
294.79988208000003,100.5,100.4892,-0.0107
294.839882064,100.5,100.4892,-0.0107
294.87988204799996,100.5,100.4891,-0.0108
294.919882032,100.5,100.4891,-0.0108
294.959882016,100.5,100.4891,-0.0108
294.999882,100.5,100.4892,-0.0107
295.039881984,100.5,100.4892,-0.0107
295.079881968,100.5,100.4892,-0.0107
295.119881952,100.5,100.4892,-0.0106
295.15988193600003,100.5,100.4893,-0.0106
295.19988192,100.5,100.4893,-0.0106
295.239881904,100.5,100.4893,-0.0106
295.279881888,100.5,100.4893,-0.0106
295.319881872,100.5,100.4893,-0.0106
295.35988185599996,100.5,100.4893,-0.0106
295.39988184,100.5,100.4893,-0.0106
295.439881824,100.5,100.4893,-0.0106
295.479881808,100.5,100.4893,-0.0106
295.519881792,100.5,100.4893,-0.0106
295.559881776,100.5,100.4893,-0.0106
295.59988176,100.5,100.4893,-0.0106
295.63988174400004,100.5,100.4893,-0.0106
295.679881728,100.5,100.4893,-0.0106
295.71988171199996,100.5,100.4892,-0.0106
295.759881696,100.5,100.4893,-0.0106
295.79988168,100.5,100.4893,-0.0106
295.839881664,100.5,100.4892,-0.0106
295.879881648,100.5,100.4892,-0.0106
295.919881632,100.5,100.4892,-0.0107
295.959881616,100.5,100.4892,-0.0107
295.99988160000004,100.5,100.4892,-0.0107
296.039881584,100.5,100.4892,-0.0107
296.07988156799996,100.5,100.4892,-0.0107
296.119881552,100.5,100.4892,-0.0107
296.159881536,100.5,100.4892,-0.0107
296.19988151999996,100.5,100.4892,-0.0107
296.239881504,100.5,100.4892,-0.0107
296.279881488,100.5,100.4892,-0.0107
296.319881472,100.5,100.4892,-0.0107
296.359881456,100.5,100.4891,-0.0108
296.39988144,100.5,100.4891,-0.0108
296.439881424,100.5,100.4891,-0.0108
296.47988140800004,100.5,100.4891,-0.0108
296.51988139199995,100.5,100.489,-0.0109
296.55988137599996,100.5,100.489,-0.0109
296.59988136,100.5,100.4889,-0.011
296.639881344,100.5,100.4889,-0.011
296.679881328,100.5,100.4889,-0.011
296.719881312,100.5,100.4888,-0.011
296.759881296,100.5,100.4888,-0.0111
296.79988128,100.5,100.4888,-0.0111
296.83988126400004,100.5,100.4887,-0.0112
296.879881248,100.5,100.4887,-0.0112
296.91988123199997,100.5,100.4887,-0.0111
296.959881216,100.5,100.4887,-0.0112
296.9998812,100.5,100.4886,-0.0112
297.03988118399997,100.5,100.4886,-0.0113
297.079881168,100.5,100.4885,-0.0113
297.119881152,100.5,100.4886,-0.0113
297.159881136,100.5,100.4885,-0.0114
297.19988112,100.5,100.4885,-0.0114
297.239881104,100.5,100.4884,-0.0115
297.279881088,100.5,100.4884,-0.0115
297.319881072,100.5,100.4883,-0.0116
297.35988105599995,100.5,100.4883,-0.0116
297.39988103999997,100.5,100.4883,-0.0116
297.439881024,100.5,100.4882,-0.0116
297.479881008,100.5,100.4882,-0.0117
297.51988099199997,100.5,100.4882,-0.0117
297.559880976,100.5,100.4882,-0.0117
297.59988096,100.5,100.4882,-0.0117
297.639880944,100.5,100.4882,-0.0117
297.67988092800005,100.5,100.4881,-0.0118
297.719880912,100.5,100.4881,-0.0118
297.75988089599997,100.5,100.488,-0.0119
297.79988088,100.5,100.488,-0.0119
297.839880864,100.5,100.488,-0.0119
297.87988084799997,100.5,100.4879,-0.012
297.919880832,100.5,100.4879,-0.012
297.959880816,100.5,100.4879,-0.012
297.9998808,100.5,100.4878,-0.0121
298.039880784,100.5,100.4878,-0.0121
298.079880768,100.5,100.4878,-0.0121
298.11988075200003,100.5,100.4877,-0.0121
298.159880736,100.5,100.4877,-0.0122
298.19988071999995,100.5,100.4877,-0.0122
298.239880704,100.5,100.4877,-0.0122
298.279880688,100.5,100.4876,-0.0123
298.319880672,100.5,100.4876,-0.0122
298.359880656,100.5,100.4876,-0.0123
298.39988064,100.5,100.4876,-0.0123
298.439880624,100.5,100.4876,-0.0123
298.47988060800003,100.5,100.4876,-0.0123
298.519880592,100.5,100.4875,-0.0124
298.55988057599995,100.5,100.4876,-0.0123
298.59988056,100.5,100.4875,-0.0124
298.639880544,100.5,100.4875,-0.0124
298.679880528,100.5,100.4875,-0.0124
298.719880512,100.5,100.4875,-0.0124
298.759880496,100.5,100.4875,-0.0124
298.79988048,100.5,100.4875,-0.0124
298.83988046400003,100.5,100.4875,-0.0124
298.879880448,100.5,100.4875,-0.0124
298.919880432,100.5,100.4875,-0.0124
298.95988041600003,100.5,100.4875,-0.0124
298.9998804,100.5,100.4874,-0.0125
299.03988038399996,100.5,100.4875,-0.0124
299.079880368,100.5,100.4874,-0.0125
299.119880352,100.5,100.4874,-0.0125
299.159880336,100.5,100.4874,-0.0125
299.19988032,100.5,100.4874,-0.0125
299.239880304,100.5,100.4874,-0.0125
299.279880288,100.5,100.4874,-0.0125
299.31988027200003,100.5,100.4873,-0.0126
299.359880256,100.5,100.4873,-0.0125
299.39988023999996,100.5,100.4873,-0.0125
299.439880224,100.5,100.4873,-0.0125
299.479880208,100.5,100.4874,-0.0125
299.51988019199996,100.5,100.4874,-0.0125
299.559880176,100.5,100.4874,-0.0125
299.59988016,100.5,100.4874,-0.0125
299.639880144,100.5,100.4874,-0.0125
299.67988012800004,100.5,100.4874,-0.0125
299.719880112,100.5,100.4874,-0.0125
299.759880096,100.5,100.4874,-0.0125
299.79988008,100.5,100.4874,-0.0125
299.839880064,100.5,100.4874,-0.0125
299.87988004799996,100.5,100.4874,-0.0125
299.919880032,100.5,100.4874,-0.0125
299.959880016,100.5,100.4874,-0.0125
299.99988,100.5,100.4874,-0.0125
300.039879984,100.5,100.4874,-0.0125
300.079879968,100.5,100.4875,-0.0124
300.119879952,100.5,100.4874,-0.0125
300.15987993600004,100.5,100.4874,-0.0125
300.19987992,100.5,100.4874,-0.0125
300.23987990399996,100.5,100.4874,-0.0125
300.279879888,100.5,100.4874,-0.0125
300.319879872,100.5,100.4874,-0.0125
300.35987985599996,100.5,100.4875,-0.0124
300.39987984,100.5,100.4875,-0.0124
300.439879824,100.5,100.4875,-0.0124
300.479879808,100.5,100.4876,-0.0123
300.519879792,100.5,100.4876,-0.0123
300.559879776,100.5,100.4876,-0.0123
300.59987976,100.5,100.4876,-0.0123
300.639879744,100.5,100.4876,-0.0123
300.679879728,100.5,100.4876,-0.0123
300.71987971199997,100.5,100.4875,-0.0124
300.759879696,100.5,100.4875,-0.0124
300.79987968,100.5,100.4875,-0.0124
300.839879664,100.5,100.4875,-0.0124
300.879879648,100.5,100.4875,-0.0124
300.919879632,100.5,100.4875,-0.0124
300.959879616,100.5,100.4875,-0.0124
300.99987960000004,100.5,100.4875,-0.0124
301.03987958399995,100.5,100.4875,-0.0124
301.07987956799997,100.5,100.4876,-0.0123
301.119879552,100.5,100.4876,-0.0123
301.159879536,100.5,100.4876,-0.0123
301.19987951999997,100.5,100.4876,-0.0123
301.239879504,100.5,100.4876,-0.0123
301.279879488,100.5,100.4876,-0.0123
301.319879472,100.5,100.4876,-0.0123
301.359879456,100.5,100.4877,-0.0122
301.39987944,100.5,100.4877,-0.0122
301.439879424,100.5,100.4877,-0.0122
301.479879408,100.5,100.4877,-0.0122
301.519879392,100.5,100.4877,-0.0122
301.55987937599997,100.5,100.4877,-0.0122
301.59987936,100.5,100.4877,-0.0122
301.639879344,100.5,100.4877,-0.0122
301.679879328,100.5,100.4877,-0.0121
301.719879312,100.5,100.4878,-0.0121
301.759879296,100.5,100.4878,-0.0121
301.79987928,100.5,100.4879,-0.012
301.83987926400005,100.5,100.4879,-0.012
301.87987924799995,100.5,100.488,-0.0119
301.91987923199997,100.5,100.4879,-0.0119
301.959879216,100.5,100.488,-0.0119
301.9998792,100.5,100.488,-0.0119
302.039879184,100.5,100.488,-0.0119
302.079879168,100.5,100.488,-0.0119
302.119879152,100.5,100.488,-0.0119
302.15987913600003,100.5,100.488,-0.0118
302.19987912,100.5,100.4881,-0.0118
302.239879104,100.5,100.4881,-0.0118
302.279879088,100.5,100.4881,-0.0118
302.319879072,100.5,100.4881,-0.0118
302.35987905599995,100.5,100.4882,-0.0117
302.39987904,100.5,100.4881,-0.0118
302.439879024,100.5,100.4882,-0.0117
302.479879008,100.5,100.4882,-0.0117
302.519878992,100.5,100.4882,-0.0117
302.559878976,100.5,100.4882,-0.0117
302.59987896,100.5,100.4882,-0.0117
302.63987894400003,100.5,100.4882,-0.0117
302.67987892800005,100.5,100.4882,-0.0117
302.71987891199996,100.5,100.4882,-0.0117
302.759878896,100.5,100.4882,-0.0117
302.79987888,100.5,100.4883,-0.0116
302.839878864,100.5,100.4883,-0.0116
302.879878848,100.5,100.4883,-0.0116
302.919878832,100.5,100.4883,-0.0116
302.959878816,100.5,100.4884,-0.0115
302.99987880000003,100.5,100.4884,-0.0115
303.039878784,100.5,100.4884,-0.0115
303.079878768,100.5,100.4884,-0.0115
303.119878752,100.5,100.4884,-0.0115
303.159878736,100.5,100.4884,-0.0115
303.19987871999996,100.5,100.4884,-0.0114
303.239878704,100.5,100.4884,-0.0114
303.279878688,100.5,100.4884,-0.0115
303.319878672,100.5,100.4884,-0.0115
303.359878656,100.5,100.4884,-0.0115
303.39987864,100.5,100.4884,-0.0115
303.439878624,100.5,100.4885,-0.0114
303.47987860800004,100.5,100.4885,-0.0114
303.519878592,100.5,100.4885,-0.0114
303.55987857599996,100.5,100.4885,-0.0114
303.59987856,100.5,100.4885,-0.0114
303.639878544,100.5,100.4885,-0.0114
303.679878528,100.5,100.4885,-0.0114
303.719878512,100.5,100.4885,-0.0113
303.759878496,100.5,100.4886,-0.0113
303.79987848,100.5,100.4886,-0.0113
303.83987846400004,100.5,100.4886,-0.0113
303.879878448,100.5,100.4886,-0.0113
303.919878432,100.5,100.4886,-0.0113
303.959878416,100.5,100.4886,-0.0113
303.9998784,100.5,100.4886,-0.0113
304.03987838399996,100.5,100.4885,-0.0114
304.079878368,100.5,100.4885,-0.0114
304.119878352,100.5,100.4885,-0.0114
304.159878336,100.5,100.4885,-0.0114
304.19987832,100.5,100.4885,-0.0114
304.239878304,100.5,100.4885,-0.0114
304.279878288,100.5,100.4885,-0.0114
304.31987827200004,100.5,100.4884,-0.0115
304.35987825599994,100.5,100.4884,-0.0115
304.39987823999996,100.5,100.4884,-0.0115
304.439878224,100.5,100.4884,-0.0115
304.479878208,100.5,100.4884,-0.0115
304.51987819199996,100.5,100.4883,-0.0116
304.559878176,100.5,100.4882,-0.0116
304.59987816,100.5,100.4882,-0.0117
304.639878144,100.5,100.4882,-0.0117
304.67987812800004,100.5,100.4881,-0.0118
304.719878112,100.5,100.4881,-0.0118
304.75987809599997,100.5,100.4881,-0.0118
304.79987808,100.5,100.4881,-0.0118
304.839878064,100.5,100.4881,-0.0118
304.87987804799997,100.5,100.4881,-0.0118
304.919878032,100.5,100.4881,-0.0118
304.959878016,100.5,100.488,-0.0119
304.999878,100.5,100.488,-0.0119
305.039877984,100.5,100.4879,-0.012
305.079877968,100.5,100.4879,-0.012
305.119877952,100.5,100.4878,-0.0121
305.159877936,100.5,100.4878,-0.0121
305.19987791999995,100.5,100.4878,-0.0121
305.23987790399997,100.5,100.4878,-0.0121
305.279877888,100.5,100.4878,-0.0121
305.319877872,100.5,100.4878,-0.0121
305.35987785599997,100.5,100.4878,-0.0121
305.39987784,100.5,100.4878,-0.0121
305.439877824,100.5,100.4878,-0.0121
305.479877808,100.5,100.4877,-0.0121
305.519877792,100.5,100.4877,-0.0122
305.559877776,100.5,100.4877,-0.0121
305.59987775999997,100.5,100.4878,-0.0121
305.639877744,100.5,100.4877,-0.0121
305.679877728,100.5,100.4878,-0.0121
305.71987771199997,100.5,100.4878,-0.0121
305.759877696,100.5,100.4878,-0.0121
305.79987768,100.5,100.4879,-0.012
305.839877664,100.5,100.4879,-0.012
305.879877648,100.5,100.4879,-0.012
305.919877632,100.5,100.4879,-0.012
305.959877616,100.5,100.4879,-0.012
305.9998776,100.5,100.4879,-0.012
306.03987758399995,100.5,100.4879,-0.012
306.079877568,100.5,100.4879,-0.012
306.119877552,100.5,100.4879,-0.012
306.159877536,100.5,100.4879,-0.012
306.19987752,100.5,100.4879,-0.012
306.239877504,100.5,100.4879,-0.0119
306.279877488,100.5,100.488,-0.0119
306.31987747200003,100.5,100.488,-0.0119
306.359877456,100.5,100.4881,-0.0118
306.39987743999995,100.5,100.4881,-0.0118
306.439877424,100.5,100.4881,-0.0118
306.479877408,100.5,100.4882,-0.0117
306.519877392,100.5,100.4882,-0.0117
306.559877376,100.5,100.4882,-0.0117
306.59987736,100.5,100.4883,-0.0116
306.639877344,100.5,100.4882,-0.0116
306.67987732800003,100.5,100.4883,-0.0116
306.719877312,100.5,100.4883,-0.0116
306.759877296,100.5,100.4883,-0.0116
306.79987728000003,100.5,100.4884,-0.0115
306.839877264,100.5,100.4884,-0.0115
306.87987724799996,100.5,100.4884,-0.0115
306.919877232,100.5,100.4885,-0.0114
306.959877216,100.5,100.4885,-0.0114
306.9998772,100.5,100.4886,-0.0113
307.039877184,100.5,100.4886,-0.0113
307.079877168,100.5,100.4886,-0.0113
307.119877152,100.5,100.4887,-0.0112
307.15987713600003,100.5,100.4888,-0.0111
307.19987712,100.5,100.4889,-0.011
307.23987710399996,100.5,100.4889,-0.011
307.279877088,100.5,100.489,-0.0109
307.319877072,100.5,100.4891,-0.0108
307.35987705599996,100.5,100.4892,-0.0107
307.39987704,100.5,100.4893,-0.0106
307.439877024,100.5,100.4894,-0.0105
307.479877008,100.5,100.4895,-0.0104
307.51987699200004,100.5,100.4895,-0.0104
307.559876976,100.5,100.4896,-0.0103
307.59987696,100.5,100.4897,-0.0102
307.639876944,100.5,100.4897,-0.0102
307.679876928,100.5,100.4898,-0.0101
307.71987691199996,100.5,100.4899,-0.01
307.759876896,100.5,100.49,-0.0099
307.79987688,100.5,100.4902,-0.0097
307.839876864,100.5,100.4902,-0.0097
307.879876848,100.5,100.4903,-0.0096
307.919876832,100.5,100.4903,-0.0096
307.959876816,100.5,100.4904,-0.0095
307.99987680000004,100.5,100.4904,-0.0095
308.039876784,100.5,100.4905,-0.0094
308.07987676799996,100.5,100.4905,-0.0094
308.119876752,100.5,100.4906,-0.0093
308.159876736,100.5,100.4906,-0.0093
308.19987671999996,100.5,100.4907,-0.0092
308.239876704,100.5,100.4907,-0.0092
308.279876688,100.5,100.4908,-0.0091
308.319876672,100.5,100.4908,-0.0091
308.359876656,100.5,100.4908,-0.0091
308.39987664,100.5,100.4909,-0.009
308.439876624,100.5,100.4909,-0.009
308.479876608,100.5,100.4909,-0.0089
308.519876592,100.5,100.491,-0.0089
308.55987657599997,100.5,100.491,-0.0089
308.59987656,100.5,100.4911,-0.0088
308.639876544,100.5,100.4911,-0.0088
308.679876528,100.5,100.4911,-0.0088
308.719876512,100.5,100.4912,-0.0087
308.759876496,100.5,100.4912,-0.0087
308.79987648,100.5,100.4912,-0.0087
308.83987646400004,100.5,100.4913,-0.0086
308.87987644799995,100.5,100.4913,-0.0086
308.91987643199997,100.5,100.4913,-0.0086
308.959876416,100.5,100.4914,-0.0085
308.9998764,100.5,100.4914,-0.0085
309.03987638399997,100.5,100.4914,-0.0085
309.079876368,100.5,100.4915,-0.0084
309.119876352,100.5,100.4915,-0.0084
309.159876336,100.5,100.4915,-0.0084
309.19987632,100.5,100.4915,-0.0084
309.239876304,100.5,100.4916,-0.0083
309.279876288,100.5,100.4916,-0.0083
309.319876272,100.5,100.4916,-0.0082
309.35987625599995,100.5,100.4917,-0.0082
309.39987623999997,100.5,100.4917,-0.0081
309.439876224,100.5,100.4918,-0.0081
309.479876208,100.5,100.4917,-0.0081
309.519876192,100.5,100.4918,-0.0081
309.559876176,100.5,100.4917,-0.0081
309.59987616,100.5,100.4918,-0.0081
309.639876144,100.5,100.4918,-0.0081
309.67987612800005,100.5,100.4918,-0.0081
309.71987611199995,100.5,100.4918,-0.0081
309.75987609599997,100.5,100.4918,-0.0081
309.79987608,100.5,100.4918,-0.0081
309.839876064,100.5,100.4918,-0.0081
309.87987604799997,100.5,100.4918,-0.008
309.919876032,100.5,100.4919,-0.008
309.959876016,100.5,100.4918,-0.0081
309.99987600000003,100.5,100.4918,-0.0081
310.039875984,100.5,100.4918,-0.0081
310.079875968,100.5,100.4918,-0.0081
310.119875952,100.5,100.4918,-0.0081
310.159875936,100.5,100.4918,-0.0081
310.19987591999995,100.5,100.4918,-0.0081
310.239875904,100.5,100.4918,-0.0081
310.279875888,100.5,100.4919,-0.008
310.319875872,100.5,100.4919,-0.008
310.359875856,100.5,100.4919,-0.008
310.39987584,100.5,100.4919,-0.008
310.439875824,100.5,100.4919,-0.008
310.47987580800003,100.5,100.4919,-0.008
310.519875792,100.5,100.492,-0.0079
310.55987577599996,100.5,100.4919,-0.008
310.59987576,100.5,100.4918,-0.0081
310.639875744,100.5,100.4918,-0.0081
310.679875728,100.5,100.4919,-0.008
310.719875712,100.5,100.4919,-0.008
310.759875696,100.5,100.4919,-0.008
310.79987568,100.5,100.4919,-0.008
310.83987566400003,100.5,100.4919,-0.008
310.879875648,100.5,100.4919,-0.008
310.919875632,100.5,100.492,-0.0079
310.959875616,100.5,100.492,-0.0079
310.9998756,100.5,100.492,-0.0079
311.03987558399996,100.5,100.492,-0.0079
311.079875568,100.5,100.4919,-0.008
311.119875552,100.5,100.492,-0.0079
311.159875536,100.5,100.492,-0.0079
311.19987552,100.5,100.492,-0.0079
311.239875504,100.5,100.492,-0.0079
311.279875488,100.5,100.492,-0.0079
311.31987547200004,100.5,100.492,-0.0079
311.35987545599994,100.5,100.492,-0.0079
311.39987543999996,100.5,100.492,-0.0079
311.439875424,100.5,100.492,-0.0079
311.479875408,100.5,100.492,-0.0079
311.519875392,100.5,100.492,-0.0079
311.559875376,100.5,100.492,-0.0079
311.59987536,100.5,100.492,-0.0079
311.639875344,100.5,100.492,-0.0079
311.67987532800004,100.5,100.492,-0.0079
311.719875312,100.5,100.492,-0.0079
311.759875296,100.5,100.4919,-0.008
311.79987528,100.5,100.4919,-0.008
311.839875264,100.5,100.4919,-0.008
311.87987524799996,100.5,100.4919,-0.008
311.919875232,100.5,100.4919,-0.008
311.959875216,100.5,100.4919,-0.008
311.9998752,100.5,100.4918,-0.0081
312.039875184,100.5,100.4918,-0.0081
312.079875168,100.5,100.4917,-0.0081
312.119875152,100.5,100.4917,-0.0082
312.15987513600004,100.5,100.4917,-0.0082
312.19987511999994,100.5,100.4917,-0.0082
312.23987510399996,100.5,100.4917,-0.0082
312.279875088,100.5,100.4916,-0.0083
312.319875072,100.5,100.4916,-0.0083
312.35987505599996,100.5,100.4915,-0.0084
312.39987504,100.5,100.4915,-0.0084
312.439875024,100.5,100.4915,-0.0084
312.479875008,100.5,100.4914,-0.0085
312.51987499200004,100.5,100.4914,-0.0085
312.559874976,100.5,100.4913,-0.0086
312.59987495999997,100.5,100.4913,-0.0086
312.639874944,100.5,100.4913,-0.0086
312.679874928,100.5,100.4912,-0.0087
312.71987491199997,100.5,100.4912,-0.0087
312.759874896,100.5,100.4912,-0.0087
312.79987488,100.5,100.4911,-0.0088
312.839874864,100.5,100.4911,-0.0088
312.879874848,100.5,100.4911,-0.0088
312.919874832,100.5,100.4911,-0.0088
312.959874816,100.5,100.4911,-0.0088
312.99987480000004,100.5,100.4911,-0.0088
313.03987478399995,100.5,100.4911,-0.0088
313.07987476799997,100.5,100.491,-0.0088
313.119874752,100.5,100.491,-0.0089
313.159874736,100.5,100.491,-0.0089
313.19987471999997,100.5,100.4909,-0.009
313.239874704,100.5,100.4909,-0.0089
313.279874688,100.5,100.4909,-0.009
313.319874672,100.5,100.4909,-0.009
313.359874656,100.5,100.4909,-0.009
313.39987464,100.5,100.4908,-0.0091
313.43987462399997,100.5,100.4908,-0.0091
313.479874608,100.5,100.4907,-0.0092
313.519874592,100.5,100.4907,-0.0092
313.55987457599997,100.5,100.4907,-0.0092
313.59987456,100.5,100.4906,-0.0093
313.639874544,100.5,100.4906,-0.0093
313.679874528,100.5,100.4905,-0.0094
313.719874512,100.5,100.4905,-0.0094
313.759874496,100.5,100.4905,-0.0094
313.79987448,100.5,100.4905,-0.0094
313.839874464,100.5,100.4905,-0.0094
313.87987444799995,100.5,100.4904,-0.0095
313.919874432,100.5,100.4903,-0.0096
313.959874416,100.5,100.4903,-0.0096
313.9998744,100.5,100.4902,-0.0097
314.039874384,100.5,100.4902,-0.0097
314.079874368,100.5,100.4902,-0.0097
314.119874352,100.5,100.4902,-0.0097
314.15987433600003,100.5,100.4901,-0.0097
314.19987432,100.5,100.4901,-0.0098
314.239874304,100.5,100.4901,-0.0098
314.279874288,100.5,100.4901,-0.0098
314.319874272,100.5,100.4901,-0.0098
314.35987425599996,100.5,100.4901,-0.0098
314.39987424,100.5,100.4901,-0.0098
314.439874224,100.5,100.4901,-0.0098
314.479874208,100.5,100.4901,-0.0098
314.51987419200003,100.5,100.4901,-0.0098
314.559874176,100.5,100.4901,-0.0098
314.59987416,100.5,100.4901,-0.0098
314.63987414400003,100.5,100.4902,-0.0097
314.679874128,100.5,100.4902,-0.0097
314.71987411199996,100.5,100.4902,-0.0097
314.759874096,100.5,100.4902,-0.0097
314.79987408,100.5,100.4902,-0.0097
314.839874064,100.5,100.4902,-0.0096
314.879874048,100.5,100.4902,-0.0097
314.919874032,100.5,100.4902,-0.0097
314.959874016,100.5,100.4902,-0.0097
314.99987400000003,100.5,100.4902,-0.0097
315.039873984,100.5,100.4902,-0.0097
315.07987396799996,100.5,100.4902,-0.0097
315.119873952,100.5,100.4902,-0.0096
315.159873936,100.5,100.4902,-0.0096
315.19987391999996,100.5,100.4903,-0.0096
315.239873904,100.5,100.4903,-0.0096
315.279873888,100.5,100.4903,-0.0095
315.319873872,100.5,100.4904,-0.0095
315.359873856,100.5,100.4904,-0.0095
315.39987384,100.5,100.4904,-0.0095
315.439873824,100.5,100.4904,-0.0095
315.47987380800004,100.5,100.4904,-0.0095
315.519873792,100.5,100.4904,-0.0095
315.55987377599996,100.5,100.4904,-0.0095
315.59987376,100.5,100.4904,-0.0095
315.639873744,100.5,100.4904,-0.0095
315.679873728,100.5,100.4904,-0.0095
315.719873712,100.5,100.4904,-0.0095
315.759873696,100.5,100.4904,-0.0095
315.79987368,100.5,100.4904,-0.0095
315.83987366400004,100.5,100.4904,-0.0095
315.879873648,100.5,100.4904,-0.0094
315.91987363199996,100.5,100.4904,-0.0095
315.959873616,100.5,100.4904,-0.0095
315.9998736,100.5,100.4903,-0.0095
316.03987358399996,100.5,100.4903,-0.0096
316.079873568,100.5,100.4903,-0.0096
316.119873552,100.5,100.4903,-0.0096
316.159873536,100.5,100.4902,-0.0096
316.19987352,100.5,100.4902,-0.0097
316.239873504,100.5,100.4902,-0.0097
316.279873488,100.5,100.4901,-0.0098
316.319873472,100.5,100.4901,-0.0097
316.35987345599995,100.5,100.4902,-0.0097
316.39987343999996,100.5,100.4902,-0.0097
316.439873424,100.5,100.4901,-0.0098
316.479873408,100.5,100.4901,-0.0097
316.519873392,100.5,100.4901,-0.0098
316.559873376,100.5,100.4901,-0.0098
316.59987336,100.5,100.4901,-0.0098
316.639873344,100.5,100.49,-0.0099
316.67987332800004,100.5,100.49,-0.0099
316.719873312,100.5,100.49,-0.0099
316.75987329599997,100.5,100.49,-0.0099
316.79987328,100.5,100.49,-0.0099
316.839873264,100.5,100.4899,-0.01
316.87987324799997,100.5,100.4899,-0.01
316.919873232,100.5,100.4899,-0.01
316.959873216,100.5,100.4898,-0.01
316.9998732,100.5,100.4898,-0.0101
317.039873184,100.5,100.4898,-0.0101
317.079873168,100.5,100.4898,-0.0101
317.119873152,100.5,100.4898,-0.0101
317.159873136,100.5,100.4898,-0.0101
317.19987311999995,100.5,100.4898,-0.0101
317.23987310399997,100.5,100.4898,-0.0101
317.279873088,100.5,100.4897,-0.0102
317.319873072,100.5,100.4897,-0.0102
317.35987305599997,100.5,100.4897,-0.0102
317.39987304,100.5,100.4897,-0.0102
317.439873024,100.5,100.4896,-0.0102
317.479873008,100.5,100.4896,-0.0103
317.51987299200005,100.5,100.4895,-0.0104
317.55987297599995,100.5,100.4895,-0.0104
317.59987295999997,100.5,100.4895,-0.0104
317.639872944,100.5,100.4894,-0.0105
317.679872928,100.5,100.4893,-0.0106
317.71987291199997,100.5,100.4893,-0.0106
317.759872896,100.5,100.4892,-0.0107
317.79987288,100.5,100.4892,-0.0107
317.83987286400003,100.5,100.4892,-0.0107
317.879872848,100.5,100.4891,-0.0108
317.919872832,100.5,100.4891,-0.0108
317.95987281600003,100.5,100.489,-0.0109
317.9998728,100.5,100.489,-0.0109
318.03987278399995,100.5,100.489,-0.0109
318.079872768,100.5,100.489,-0.0109
318.119872752,100.5,100.489,-0.0109
318.159872736,100.5,100.489,-0.0109
318.19987272,100.5,100.489,-0.0109
318.239872704,100.5,100.489,-0.0109
318.279872688,100.5,100.489,-0.0109
318.31987267200003,100.5,100.489,-0.0109
318.359872656,100.5,100.489,-0.0109
318.39987263999996,100.5,100.489,-0.0109
318.439872624,100.5,100.4889,-0.011
318.479872608,100.5,100.4889,-0.011
318.519872592,100.5,100.4888,-0.011
318.559872576,100.5,100.4888,-0.0111
318.59987256,100.5,100.4888,-0.0111
318.639872544,100.5,100.4888,-0.0111
318.67987252800003,100.5,100.4888,-0.0111
318.719872512,100.5,100.4888,-0.0111
318.759872496,100.5,100.4888,-0.0111
318.79987248,100.5,100.4888,-0.0111
318.839872464,100.5,100.4888,-0.0111
318.87987244799996,100.5,100.4888,-0.0111
318.919872432,100.5,100.4888,-0.0111
318.959872416,100.5,100.4888,-0.0111
318.9998724,100.5,100.4887,-0.0111
319.039872384,100.5,100.4887,-0.0111
319.079872368,100.5,100.4887,-0.0111
319.119872352,100.5,100.4888,-0.0111
319.15987233600003,100.5,100.4888,-0.0111
319.19987232,100.5,100.4888,-0.011
319.23987230399996,100.5,100.4889,-0.011
319.279872288,100.5,100.4889,-0.011
319.319872272,100.5,100.4889,-0.011
319.35987225599996,100.5,100.4889,-0.011
319.39987224,100.5,100.489,-0.0109
319.439872224,100.5,100.489,-0.0109
319.479872208,100.5,100.4891,-0.0108
319.51987219200004,100.5,100.4891,-0.0108
319.559872176,100.5,100.4891,-0.0108
319.59987216,100.5,100.4891,-0.0108
319.639872144,100.5,100.4891,-0.0108
319.679872128,100.5,100.4891,-0.0108
319.71987211199996,100.5,100.4892,-0.0107
319.759872096,100.5,100.4892,-0.0107
319.79987208,100.5,100.4892,-0.0107
319.839872064,100.5,100.4892,-0.0107
319.879872048,100.5,100.4892,-0.0107
319.919872032,100.5,100.4892,-0.0107
319.959872016,100.5,100.4892,-0.0107
319.99987200000004,100.5,100.4892,-0.0107
320.03987198399994,100.5,100.4892,-0.0107
320.07987196799996,100.5,100.4893,-0.0106
320.119871952,100.5,100.4893,-0.0106
320.159871936,100.5,100.4892,-0.0106
320.19987191999996,100.5,100.4893,-0.0106
320.239871904,100.5,100.4893,-0.0106
320.279871888,100.5,100.4892,-0.0106
320.319871872,100.5,100.4892,-0.0106
320.359871856,100.5,100.4893,-0.0106
320.39987184,100.5,100.4893,-0.0106
320.439871824,100.5,100.4893,-0.0106
320.479871808,100.5,100.4892,-0.0107
320.519871792,100.5,100.4893,-0.0106
320.55987177599997,100.5,100.4892,-0.0107
320.59987176,100.5,100.4892,-0.0107
320.639871744,100.5,100.4892,-0.0107
320.679871728,100.5,100.4892,-0.0107
320.719871712,100.5,100.4892,-0.0107
320.759871696,100.5,100.4892,-0.0107
320.79987168,100.5,100.4891,-0.0108
320.83987166400004,100.5,100.4891,-0.0108
320.87987164799995,100.5,100.4891,-0.0108
320.91987163199997,100.5,100.4891,-0.0108
320.959871616,100.5,100.4891,-0.0108
320.9998716,100.5,100.4891,-0.0108
321.03987158399997,100.5,100.489,-0.0109
321.079871568,100.5,100.489,-0.0109
321.119871552,100.5,100.489,-0.0109
321.159871536,100.5,100.489,-0.0109
321.19987152,100.5,100.4889,-0.011
321.239871504,100.5,100.4889,-0.011
321.27987148799997,100.5,100.4889,-0.011
321.319871472,100.5,100.4888,-0.011
321.35987145599995,100.5,100.4888,-0.0111
321.39987143999997,100.5,100.4888,-0.0111
321.439871424,100.5,100.4888,-0.0111
321.479871408,100.5,100.4888,-0.0111
321.519871392,100.5,100.4888,-0.0111
321.559871376,100.5,100.4888,-0.0111
321.59987136,100.5,100.4887,-0.0111
321.639871344,100.5,100.4887,-0.0112
321.67987132800005,100.5,100.4887,-0.0111
321.71987131199995,100.5,100.4887,-0.0112
321.759871296,100.5,100.4887,-0.0112
321.79987128,100.5,100.4887,-0.0112
321.839871264,100.5,100.4887,-0.0112
321.879871248,100.5,100.4887,-0.0112
321.919871232,100.5,100.4887,-0.0112
321.959871216,100.5,100.4887,-0.0112
321.99987120000003,100.5,100.4888,-0.0111
322.039871184,100.5,100.4887,-0.0111
322.079871168,100.5,100.4888,-0.0111
322.119871152,100.5,100.4888,-0.0111
322.159871136,100.5,100.4888,-0.0111
322.19987111999995,100.5,100.4888,-0.0111
322.239871104,100.5,100.4888,-0.0111
322.279871088,100.5,100.4888,-0.0111
322.319871072,100.5,100.4888,-0.011
322.359871056,100.5,100.4889,-0.011
322.39987104,100.5,100.4889,-0.011
322.439871024,100.5,100.4889,-0.011
322.47987100800003,100.5,100.4889,-0.011
322.519870992,100.5,100.4888,-0.0111
322.55987097599996,100.5,100.4888,-0.0111
322.59987096,100.5,100.4888,-0.0111
322.639870944,100.5,100.4887,-0.0111
322.679870928,100.5,100.4888,-0.0111
322.719870912,100.5,100.4888,-0.0111
322.759870896,100.5,100.4888,-0.0111
322.79987088,100.5,100.4888,-0.0111
322.83987086400003,100.5,100.4888,-0.0111
322.879870848,100.5,100.4888,-0.0111
322.919870832,100.5,100.4887,-0.0112
322.959870816,100.5,100.4887,-0.0112
322.9998708,100.5,100.4887,-0.0111
323.03987078399996,100.5,100.4887,-0.0111
323.079870768,100.5,100.4888,-0.0111
323.119870752,100.5,100.4888,-0.0111
323.159870736,100.5,100.4888,-0.0111
323.19987072,100.5,100.4888,-0.0111
323.239870704,100.5,100.4888,-0.0111
323.279870688,100.5,100.4888,-0.0111
323.31987067200004,100.5,100.4888,-0.0111
323.359870656,100.5,100.4888,-0.0111
323.39987063999996,100.5,100.4888,-0.0111
323.439870624,100.5,100.4888,-0.011
323.479870608,100.5,100.4889,-0.011
323.519870592,100.5,100.4889,-0.011
323.559870576,100.5,100.4888,-0.011
323.59987056,100.5,100.4888,-0.0111
323.639870544,100.5,100.4888,-0.0111
323.67987052800004,100.5,100.4888,-0.011
323.719870512,100.5,100.4888,-0.0111
323.75987049599996,100.5,100.4888,-0.011
323.79987048,100.5,100.4889,-0.011
323.839870464,100.5,100.4889,-0.011
323.87987044799996,100.5,100.4889,-0.011
323.919870432,100.5,100.4889,-0.011
323.959870416,100.5,100.489,-0.0109
323.9998704,100.5,100.489,-0.0109
324.039870384,100.5,100.489,-0.0109
324.079870368,100.5,100.489,-0.0109
324.119870352,100.5,100.4891,-0.0108
324.15987033600004,100.5,100.4891,-0.0108
324.19987031999995,100.5,100.4891,-0.0108
324.23987030399996,100.5,100.4891,-0.0108
324.279870288,100.5,100.4891,-0.0108
324.319870272,100.5,100.4891,-0.0108
324.359870256,100.5,100.4892,-0.0107
324.39987024,100.5,100.4892,-0.0107
324.439870224,100.5,100.4892,-0.0107
324.479870208,100.5,100.4892,-0.0107
324.51987019200004,100.5,100.4892,-0.0107
324.559870176,100.5,100.4891,-0.0108
324.59987015999997,100.5,100.4891,-0.0108
324.639870144,100.5,100.4891,-0.0108
324.679870128,100.5,100.4892,-0.0107
324.71987011199997,100.5,100.4892,-0.0107
324.759870096,100.5,100.4891,-0.0108
324.79987008,100.5,100.4892,-0.0107
324.839870064,100.5,100.4892,-0.0107
324.879870048,100.5,100.4892,-0.0107
324.919870032,100.5,100.4892,-0.0107
324.959870016,100.5,100.4892,-0.0107
324.99987,100.5,100.4892,-0.0107
325.03986998399995,100.5,100.4892,-0.0107
325.07986996799997,100.5,100.4892,-0.0107
325.119869952,100.5,100.4892,-0.0107
325.159869936,100.5,100.4892,-0.0107
325.19986991999997,100.5,100.4891,-0.0108
325.239869904,100.5,100.4891,-0.0108
325.279869888,100.5,100.4891,-0.0108
325.319869872,100.5,100.4891,-0.0108
325.359869856,100.5,100.489,-0.0109
325.39986984,100.5,100.4891,-0.0108
325.43986982399997,100.5,100.489,-0.0109
325.479869808,100.5,100.489,-0.0109
325.519869792,100.5,100.489,-0.0109
325.55986977599997,100.5,100.489,-0.0109
325.59986976,100.5,100.4889,-0.011
325.639869744,100.5,100.4889,-0.011
325.679869728,100.5,100.4889,-0.011
325.719869712,100.5,100.4889,-0.011
325.759869696,100.5,100.4889,-0.011
325.79986968000003,100.5,100.4889,-0.011
325.839869664,100.5,100.489,-0.0109
325.87986964799995,100.5,100.489,-0.0109
325.919869632,100.5,100.489,-0.0109
325.959869616,100.5,100.4889,-0.011
325.9998696,100.5,100.489,-0.0109
326.039869584,100.5,100.489,-0.0109
326.079869568,100.5,100.4891,-0.0108
326.119869552,100.5,100.4891,-0.0108
326.15986953600003,100.5,100.4892,-0.0107
326.19986952,100.5,100.4892,-0.0107
326.23986950399996,100.5,100.4892,-0.0107
326.279869488,100.5,100.4892,-0.0107
326.319869472,100.5,100.4892,-0.0106
326.359869456,100.5,100.4893,-0.0106
326.39986944,100.5,100.4893,-0.0106
326.439869424,100.5,100.4893,-0.0106
326.479869408,100.5,100.4893,-0.0106
326.51986939200003,100.5,100.4893,-0.0106
326.559869376,100.5,100.4893,-0.0106
326.59986936,100.5,100.4893,-0.0106
326.63986934400003,100.5,100.4893,-0.0106
326.679869328,100.5,100.4893,-0.0106
326.71986931199996,100.5,100.4893,-0.0106
326.759869296,100.5,100.4893,-0.0106
326.79986928,100.5,100.4893,-0.0105
326.839869264,100.5,100.4894,-0.0105
326.879869248,100.5,100.4894,-0.0105
326.919869232,100.5,100.4894,-0.0105
326.959869216,100.5,100.4894,-0.0105
326.99986920000003,100.5,100.4894,-0.0105
327.039869184,100.5,100.4894,-0.0105
327.07986916799996,100.5,100.4894,-0.0105
327.119869152,100.5,100.4895,-0.0104
327.159869136,100.5,100.4895,-0.0104
327.19986911999996,100.5,100.4895,-0.0104
327.239869104,100.5,100.4895,-0.0104
327.279869088,100.5,100.4895,-0.0104
327.319869072,100.5,100.4895,-0.0104
327.359869056,100.5,100.4896,-0.0103
327.39986904,100.5,100.4896,-0.0103
327.439869024,100.5,100.4896,-0.0103
327.479869008,100.5,100.4896,-0.0103
327.519868992,100.5,100.4897,-0.0102
327.55986897599996,100.5,100.4897,-0.0102
327.59986896,100.5,100.4898,-0.0101
327.639868944,100.5,100.4898,-0.0101
